80
4	1247.8027	4719.505	169.50000	0.0	0.0	90.0	0.9000001
23	1507.6523	4530.537	229.50000	0.0	0.0	-90.0	1.6199994
17	1510.3447	4429.107	169.50000	0.0	0.0	0.0	1.0000000
4	1250.1123	4323.706	169.50000	0.0	0.0	90.0	0.9000001
4	879.6270	5420.119	169.50000	0.0	0.0	180.0	0.9000001
4	777.1177	5510.785	169.50000	0.0	0.0	90.0	0.9000001
4	903.6255	6156.569	169.50000	0.0	0.0	0.0	0.9000001
4	786.7769	6061.299	169.50000	0.0	0.0	90.0	0.9000001
1	799.1714	5813.604	169.50000	0.0	0.0	90.0	0.9900000
4	1246.9395	5111.277	169.50000	0.0	0.0	90.0	0.9000001
22	1322.8916	5364.220	169.50000	0.0	0.0	90.0	1.7399993
22	1334.5957	4800.294	169.50000	0.0	0.0	90.0	1.7399993
22	1140.1768	5526.053	169.50000	0.0	0.0	180.0	1.7399993
31	1291.1364	5540.510	169.49997	0.0	0.0	0.0	1.0000000
57	1292.3043	5538.370	329.50000	0.0	0.0	0.0	0.7200003
5	1212.1055	5396.596	169.50000	0.0	0.0	-180.0	0.9000001
5	1225.3857	6190.881	169.50000	0.0	0.0	-270.0	0.9000001
35	1046.9263	5952.878	309.50003	0.0	0.0	90.0	1.0000000
22	1346.6006	6217.771	169.50000	0.0	0.0	90.0	1.7399993
22	1149.8135	6064.790	169.50000	0.0	0.0	0.0	1.7399993
31	1337.9121	6060.151	169.50000	0.0	0.0	0.0	1.0000000
57	1339.2045	6059.965	329.50000	0.0	0.0	0.0	0.7200003
40	1274.3604	6851.811	169.50000	0.0	0.0	60.0	1.0000000
4	1314.0088	6930.148	169.50000	0.0	0.0	0.0	0.9000001
4	1246.6328	6490.673	169.50000	0.0	0.0	90.0	0.9000001
4	1246.5273	6878.237	169.50000	0.0	0.0	90.0	0.9000001
2	1360.7676	6847.673	169.50000	0.0	0.0	0.0	0.8200002
22	1348.1475	6525.657	169.50000	0.0	0.0	90.0	1.7399993
0	-931.3452	6569.486	-547.76263	0.0	0.0	0.0	1.0000000
23	1691.2266	4141.531	169.50000	0.0	0.0	-90.0	1.2599998
16	2199.9160	4078.048	169.50000	0.0	0.0	0.0	1.6999993
36	1930.3984	4146.232	169.50000	0.0	0.0	0.0	1.1599998
17	2483.1582	4050.055	169.50000	0.0	0.0	90.0	1.0000000
17	1687.7471	4546.264	169.50000	0.0	0.0	90.0	1.0000000
33	1868.2656	4586.987	254.50000	0.0	0.0	-4.0	0.9400001
33	1762.2822	4584.002	169.50000	0.0	0.0	90.0	0.9400001
17	2276.0625	4288.290	169.50000	0.0	0.0	90.0	1.0000000
17	2398.1855	4446.575	169.50000	0.0	0.0	0.0	1.0000000
33	1758.7500	4484.191	169.50000	0.0	0.0	90.0	0.8600001
17	2515.9287	4571.816	169.50000	0.0	0.0	90.0	1.0000000
17	2277.9404	4570.513	169.50000	0.0	0.0	90.0	1.0000000
28	1813.7188	4672.824	169.50000	0.0	0.0	90.0	1.6799994
34	2596.8252	4629.421	169.50000	0.0	0.0	-70.0	0.9400001
28	2326.4902	4690.487	169.50000	0.0	0.0	270.0	1.5199995
28	2493.6348	4691.980	169.50000	0.0	0.0	270.0	1.5199995
33	1762.2822	4584.002	259.50000	0.0	0.0	187.0	0.9400001
33	1867.1670	4590.813	169.50000	0.0	0.0	87.0	0.9100001
33	1775.1514	4377.979	169.50000	0.0	0.0	170.0	0.8600001
34	1873.8135	4477.951	169.50000	0.0	0.0	-70.0	0.9400001
26	2564.6787	4295.952	169.50000	0.0	0.0	-90.0	1.1199999
41	3180.9639	3928.381	1.50000	0.0	0.0	0.0	1.3599997
41	3181.0928	3476.095	1.50000	0.0	0.0	0.0	1.3599997
17	3073.4307	3986.914	169.50000	0.0	0.0	90.0	1.0000000
17	3071.8301	3692.077	169.50000	0.0	0.0	90.0	1.0000000
17	3075.7334	3403.375	169.50000	0.0	0.0	90.0	1.0000000
17	2692.4580	4060.164	169.50000	0.0	0.0	90.0	1.0000000
41	3180.2998	4369.788	1.50000	0.0	0.0	0.0	1.3599997
17	2795.9316	4571.142	169.50000	0.0	0.0	90.0	1.0000000
17	2922.5078	4687.296	169.50000	0.0	0.0	0.0	1.0000000
17	3072.6533	4560.616	169.50000	0.0	0.0	90.0	1.0000000
17	3071.2539	4276.097	169.50000	0.0	0.0	90.0	1.0000000
34	2846.0400	4660.881	169.50000	0.0	0.0	0.0	0.9400001
34	2954.6982	4656.155	169.50000	0.0	0.0	30.0	0.9400001
34	2908.2324	4559.706	169.50000	0.0	0.0	-70.0	0.9400001
34	2869.1299	4667.744	314.50000	90.0	0.0	80.0	0.8600001
17	2638.8730	4442.717	169.50000	0.0	0.0	0.0	1.0000000
28	2788.6504	4689.979	169.50000	0.0	0.0	270.0	1.5199995
34	2691.3652	4629.686	169.50000	0.0	0.0	-20.0	0.8600001
34	2651.9902	4544.012	169.50000	0.0	0.0	30.0	0.8600001
28	2615.9707	4692.564	169.50000	0.0	0.0	270.0	1.5199995
16	2658.6758	4284.217	169.50000	0.0	0.0	90.0	1.5799994
46	3179.8975	4631.595	194.50000	0.0	0.0	-180.0	1.7399993
46	3180.1426	4444.174	194.50000	0.0	0.0	-180.0	1.7399993
46	3180.0234	4256.381	194.50000	0.0	0.0	-180.0	1.7399993
17	3067.7822	4834.871	169.50000	0.0	0.0	90.0	1.0000000
22	3126.8447	4825.780	169.50000	0.0	0.0	90.0	1.4799995
41	3183.5186	5275.163	1.50000	0.0	0.0	0.0	1.3599997
41	3182.9512	4823.298	1.50000	0.0	0.0	0.0	1.3599997
17	3070.9014	5130.278	169.50000	0.0	0.0	90.0	1.0000000
22	3129.4697	5118.170	169.50000	0.0	0.0	90.0	1.4799995
13	3000.9434	5436.386	169.50000	0.0	0.0	90.0	0.8800001
17	2949.4297	5308.036	169.50000	0.0	0.0	0.0	1.0000000
17	2816.6689	5440.526	169.50000	0.0	0.0	90.0	1.0000000
27	2819.6787	5598.276	169.50000	0.0	0.0	0.0	1.5799994
27	3183.1826	5538.310	-23.50000	0.0	0.0	0.0	1.7999992
40	2742.4780	5602.746	169.49994	0.0	0.0	-90.0	2.1799989
35	2894.7998	5600.266	319.50000	0.0	0.0	90.0	1.0000000
46	3183.2188	5402.200	194.50000	0.0	0.0	-180.0	1.7399993
46	3182.1523	5204.516	194.50000	0.0	0.0	-180.0	1.7399993
46	3182.0225	5005.977	194.50000	0.0	0.0	-180.0	1.7399993
46	3180.7305	4813.061	194.50000	0.0	0.0	-180.0	1.7399993
17	2825.9248	6151.155	169.50000	0.0	0.0	90.0	1.0000000
41	3170.6426	6273.654	1.50000	0.0	0.0	0.0	1.3599997
17	2942.3789	6319.400	169.50000	0.0	0.0	0.0	1.0000000
14	3001.8418	6101.555	169.50000	0.0	0.0	90.0	0.8800001
27	2827.2285	6028.454	169.50000	0.0	0.0	0.0	1.5799994
27	3158.5361	6037.453	-23.50000	0.0	0.0	0.0	1.7999992
40	2718.7002	6027.055	169.50002	0.0	0.0	-90.0	2.1799989
35	2906.5693	6029.728	319.50000	0.0	0.0	90.0	1.0000000
46	3174.7363	6167.490	194.50000	0.0	0.0	0.0	1.7399993
46	3174.6641	6350.884	194.50000	0.0	0.0	0.0	1.7399993
4	2084.9531	6929.918	169.50000	0.0	0.0	0.0	0.9000001
4	2475.6641	6927.851	169.50000	0.0	0.0	0.0	0.9000001
2	2134.3799	6880.388	169.50000	0.0	0.0	0.0	0.8200002
22	2479.9492	6830.951	169.50000	0.0	0.0	0.0	1.7399993
18	1732.2588	6859.086	169.50000	0.0	0.0	0.0	1.3999996
4	1723.1953	6933.057	169.50000	0.0	0.0	0.0	0.9000001
35	1638.5101	6814.288	344.49994	0.0	0.0	0.0	1.0000000
35	1849.8970	6804.582	339.50000	0.0	0.0	0.0	1.0000000
2	2745.5967	6971.642	169.50000	0.0	0.0	0.0	0.8200002
22	3121.7676	6494.233	169.50000	0.0	0.0	90.0	1.4799995
41	3172.0137	6729.071	1.50000	0.0	0.0	0.0	1.3599997
41	3171.2861	7177.913	1.50000	0.0	0.0	180.0	1.3599997
17	3064.8369	6501.864	169.50000	0.0	0.0	90.0	1.0000000
17	3067.7920	6797.537	169.50000	0.0	0.0	90.0	1.0000000
17	3066.2949	7090.715	169.50000	0.0	0.0	90.0	1.0000000
22	3122.9717	6785.683	169.50000	0.0	0.0	90.0	1.4799995
22	3116.5654	7078.305	169.50000	0.0	0.0	90.0	1.4799995
17	2898.9941	7055.633	169.50000	0.0	0.0	0.0	1.0000000
17	2912.6309	7166.723	169.50000	0.0	0.0	0.0	1.0000000
46	3175.4805	6523.683	169.50000	0.0	0.0	0.0	1.7399993
46	3175.4805	6523.683	194.50000	0.0	0.0	0.0	1.7399993
46	3175.8535	6724.615	194.50000	0.0	0.0	0.0	1.7399993
46	3175.5635	6926.391	194.50000	0.0	0.0	0.0	1.7399993
46	3175.9912	7117.729	194.50000	0.0	0.0	0.0	1.7399993
46	3177.2227	7311.910	194.50000	0.0	0.0	0.0	1.7399993
41	3176.3140	7629.784	-1.71092	0.0	0.0	180.0	1.3599997
4	4626.3828	2949.860	169.49994	0.0	0.0	90.0	1.0000000
4	4628.5986	2517.887	169.50000	0.0	0.0	90.0	1.0000000
22	4731.1602	3004.233	169.50006	0.0	0.0	90.0	2.0399990
22	4725.8022	2615.481	169.50009	0.0	0.0	90.0	2.0399990
41	3731.9209	4719.134	51.50000	0.0	0.0	0.0	1.0000000
15	3994.9502	4667.724	169.50000	0.0	0.0	90.0	2.0999990
36	4306.2637	4074.787	289.50000	0.0	0.0	88.0	1.1399999
16	4362.7803	4034.493	169.50000	0.0	0.0	0.0	1.6999993
23	4310.8184	4043.107	194.50000	0.0	0.0	-90.0	1.6799994
32	4610.3516	4059.421	344.50000	0.0	0.0	180.0	0.7000003
32	4313.1924	4657.709	449.50000	0.0	0.0	180.0	0.7000003
22	4247.4580	4345.025	169.50000	0.0	0.0	90.0	1.8999991
32	4376.4229	4335.416	359.50000	0.0	0.0	270.0	0.7600002
2	4643.7739	3256.041	169.50015	0.0	0.0	0.0	0.7800002
16	4590.9668	3656.084	169.49998	0.0	0.0	-270.0	1.9799991
16	4463.7319	3645.272	460.50006	0.0	0.0	-180.0	1.9799991
16	4455.8384	3279.395	460.50015	0.0	0.0	-180.0	1.9799991
42	3262.2588	5530.158	44.50000	0.0	0.0	0.0	1.0000000
42	3604.8691	5530.309	44.50000	0.0	0.0	180.0	1.0000000
43	3462.8311	5530.449	118.50000	0.0	0.0	0.0	1.0000000
41	3813.8506	5301.226	71.50000	0.0	0.0	0.0	1.0000000
41	3731.3711	5056.690	46.50000	0.0	0.0	180.0	1.0000000
39	3292.3145	5510.814	-60.50002	0.0	0.0	210.0	3.1999979
39	3354.4648	5508.544	-60.50002	0.0	0.0	210.0	3.1999979
39	3417.5430	5512.596	-75.50002	0.0	0.0	210.0	3.1999979
39	3481.2656	5516.513	-85.50002	0.0	0.0	210.0	3.1999979
29	3338.3105	5533.272	139.50000	0.0	0.0	0.0	1.0999999
29	3603.7080	5532.491	139.50000	0.0	0.0	0.0	1.0999999
56	3508.6150	5434.180	79.92576	0.0	0.0	0.0	1.8999991
55	3439.4885	5431.361	12.83715	0.0	0.0	0.0	2.0199990
55	3580.9700	5446.128	0.66156	0.0	0.0	0.0	2.0199990
56	3366.2458	5413.367	77.25861	0.0	0.0	0.0	1.8999991
46	3815.1133	5363.013	194.50000	0.0	0.0	180.0	1.6799994
46	3738.8545	5055.232	194.50000	0.0	0.0	180.0	1.6799994
46	3737.9033	4875.938	194.50000	0.0	0.0	180.0	1.6799994
51	3832.7461	5488.052	169.50000	0.0	0.0	90.0	1.0000000
57	3865.3152	5488.383	469.50000	0.0	0.0	0.0	0.6200004
46	3815.1631	5193.952	194.50000	0.0	0.0	180.0	1.6799994
42	3283.3311	6052.144	44.50000	0.0	0.0	0.0	1.0000000
43	3476.0146	6052.954	118.50000	0.0	0.0	0.0	1.0000000
42	3639.5029	6054.178	44.50000	0.0	0.0	180.0	1.0000000
41	3759.3672	6189.380	71.50000	0.0	0.0	0.0	1.0000000
29	3329.3750	6041.154	139.50000	0.0	0.0	0.0	1.0999999
29	3617.3486	6042.003	139.50000	0.0	0.0	0.0	1.0999999
41	3761.0381	6356.462	76.50000	0.0	0.0	0.0	1.0000000
51	3843.1519	6115.859	169.49994	0.0	0.0	90.0	1.0000000
57	3879.6274	6114.063	469.50000	0.0	0.0	0.0	0.6200004
54	3677.1914	6264.482	109.50000	0.0	59.0	0.0	1.4199996
22	4241.5557	4971.912	169.50000	0.0	0.0	90.0	1.8999991
39	3552.2964	5514.887	-50.50002	0.0	0.0	210.0	3.1999979
52	3852.6628	6182.245	169.50000	0.0	0.0	90.0	1.0000000
56	3471.6799	6326.808	91.89861	0.0	0.0	0.0	1.9399991
59	3931.2544	6274.892	169.50002	0.0	0.0	90.0	1.0000000
41	3760.7314	6631.825	74.50000	0.0	0.0	0.0	1.0000000
46	4088.5090	6789.832	169.50000	0.0	0.0	90.0	1.8199992
46	3878.3052	6789.398	169.50002	0.0	0.0	90.0	1.8199992
54	3664.2002	6659.777	139.50000	0.0	59.0	0.0	1.4199996
55	3471.9180	6674.067	39.49997	0.0	0.0	0.0	2.0199990
55	3662.9819	6974.815	30.68724	0.0	0.0	0.0	2.0199990
55	3652.3032	6984.098	59.50000	0.0	0.0	0.0	2.2799988
56	3513.8955	6667.523	149.50000	0.0	0.0	0.0	1.9399991
56	4142.4351	6904.025	19.87580	0.0	0.0	0.0	2.0599990
46	4298.6450	6790.396	169.49997	0.0	0.0	90.0	1.8199992
54	4321.4082	6936.153	141.26892	0.0	59.0	0.0	1.4199996
51	3836.0151	6743.838	169.49992	0.0	0.0	90.0	1.0000000
57	3871.1597	6744.097	469.50006	0.0	0.0	0.0	0.6200004
50	3852.5842	6425.764	169.49997	0.0	0.0	90.0	1.0000000
52	3835.9482	6653.416	169.50003	0.0	0.0	90.0	1.0000000
27	3829.6975	7128.912	167.01859	0.0	0.0	0.0	1.2199998
46	4303.3823	7113.608	169.49994	0.0	0.0	90.0	1.8199992
46	4092.5415	7112.956	169.49995	0.0	0.0	90.0	1.8199992
46	3913.4180	7112.581	169.49995	0.0	0.0	90.0	1.8199992
46	4408.5049	6890.033	169.49995	0.0	0.0	-180.0	1.8199992
46	4409.9561	7009.376	169.49998	0.0	0.0	-180.0	1.8199992
46	3823.2349	7258.354	169.49989	0.0	0.0	180.0	1.8199992
46	3822.8083	7469.671	169.49989	0.0	0.0	180.0	1.8199992
46	3822.7393	7680.753	169.49989	0.0	0.0	180.0	1.8199992
27	4448.9404	7171.076	169.01860	0.0	0.0	0.0	1.2199998
28	4377.9814	7168.140	169.50002	0.0	0.0	270.0	1.5399995
27	4264.1030	7169.491	169.01859	0.0	0.0	0.0	1.2199998
40	4477.5059	7076.375	169.50020	0.0	0.0	0.0	1.8799992
17	4292.4253	7706.896	169.49991	0.0	0.0	90.0	1.2599998
19	4152.8452	7498.851	169.49994	0.0	0.0	0.0	1.3999996
28	4262.1533	7273.372	164.49994	0.0	0.0	180.0	1.5399995
28	4262.1533	7444.809	164.49994	0.0	0.0	180.0	1.5399995
20	4770.8208	7836.567	169.50006	0.0	0.0	0.0	1.5799994
35	4771.3579	7821.678	369.49994	0.0	0.0	0.0	1.3599997
33	4381.1289	7795.793	164.49992	0.0	0.0	0.0	1.0000000
34	4353.3447	7692.345	169.50002	0.0	0.0	0.0	1.0200000
34	4353.6855	7576.848	169.49995	0.0	0.0	0.0	0.9400001
33	4517.2397	7786.723	164.49994	0.0	0.0	30.0	1.0799999
33	4526.9922	7792.259	269.49997	0.0	0.0	0.0	0.9000001
34	4168.5996	7415.003	169.50011	0.0	0.0	0.0	1.0200000
34	4157.0425	7317.029	169.49992	0.0	0.0	0.0	0.9400001
33	4018.7820	7412.813	164.49991	0.0	0.0	0.0	1.0000000
33	4045.5391	7290.213	164.49989	0.0	0.0	0.0	1.0000000
33	4050.1155	7348.028	264.49988	0.0	0.0	20.0	1.0000000
34	3952.0579	7503.015	169.50012	0.0	0.0	0.0	1.0200000
53	3948.1960	6659.619	169.50003	0.0	0.0	0.0	1.0000000
57	3950.1575	6658.931	238.07092	0.0	0.0	0.0	1.0000000
25	4105.0869	7817.799	297.49994	0.0	0.0	0.0	1.6199994
15	4748.0371	8078.408	169.49998	0.0	0.0	0.0	1.9799991
15	4740.7114	8133.771	438.50000	0.0	0.0	0.0	1.7799993
17	5506.8159	2931.440	169.49992	0.0	0.0	90.0	1.2799997
17	5506.4648	2558.909	169.49985	0.0	0.0	90.0	1.2799997
22	5445.6943	2537.349	149.50006	0.0	0.0	-90.0	2.0399990
22	5441.0728	2918.059	149.50008	0.0	0.0	-90.0	2.0399990
15	5674.6519	3947.409	169.49997	0.0	0.0	90.0	1.8599992
16	5714.4800	4210.420	339.50018	0.0	0.0	0.0	1.4999995
54	5608.5830	3629.092	169.50000	0.0	59.0	0.0	1.4199996
21	5934.8730	3954.676	169.49995	0.0	0.0	90.0	1.7799993
16	5962.7598	4280.247	164.50006	0.0	0.0	0.0	1.6999993
22	5907.8423	3648.896	169.49989	0.0	0.0	90.0	1.7599993
32	5972.7476	3652.894	384.49997	0.0	0.0	180.0	0.5600004
16	6002.5161	3221.741	169.49994	0.0	0.0	90.0	1.9799991
40	4931.6279	3255.832	169.49997	0.0	0.0	90.0	2.5999985
40	5175.7891	3256.128	169.49995	0.0	0.0	-90.0	2.5999985
2	5470.1123	3262.156	169.50018	0.0	0.0	0.0	0.7800002
17	5528.2490	3347.241	169.49998	0.0	0.0	90.0	1.2799997
35	5905.8237	4051.871	384.50000	0.0	0.0	90.0	1.0599999
22	6160.3857	4285.758	169.50002	0.0	0.0	90.0	1.7599993
9	5355.8721	5353.229	130.50000	0.0	0.0	90.0	0.5600004
10	5292.8457	5195.059	169.50000	0.0	0.0	90.0	0.5400004
47	5455.8184	5171.090	169.50000	0.0	0.0	-40.0	0.7600002
30	5274.3643	5255.605	169.50000	0.0	0.0	-138.0	1.0000000
47	5224.5244	5280.358	169.50000	0.0	20.0	10.0	0.7200003
8	5799.2549	5798.929	169.50000	0.0	0.0	0.0	1.0000000
9	5365.4189	6232.638	130.50000	0.0	0.0	0.0	0.5600004
12	5794.3438	5987.561	221.50000	0.0	0.0	180.0	1.0799999
12	5621.9629	5808.361	221.50000	0.0	0.0	-80.0	1.0799999
10	5432.9941	6359.592	169.50000	0.0	4.0	-60.0	0.7800002
47	5195.7969	6297.365	169.50000	0.0	0.0	10.0	0.6800003
30	5263.5645	6331.548	169.50000	0.0	0.0	-225.0	1.0000000
12	5971.9346	5799.909	221.50000	0.0	0.0	90.0	1.0799999
12	5800.5088	5626.977	221.50000	0.0	0.0	0.0	1.0799999
54	5800.3916	5742.730	314.50000	0.0	0.0	0.0	1.1399999
54	5837.2520	5790.876	314.50000	0.0	0.0	0.0	1.4199996
55	5805.1865	5709.394	214.50000	0.0	0.0	0.0	1.3399997
55	5881.0771	5799.751	214.50000	0.0	0.0	0.0	1.3399997
9	6259.7500	5343.816	130.50000	0.0	0.0	180.0	0.5600004
47	6307.1064	5192.221	169.50000	0.0	0.0	110.0	0.8400002
30	6344.9893	5251.962	169.50000	0.0	0.0	-225.0	1.0000000
9	6262.0557	6232.023	130.50000	0.0	0.0	270.0	0.5600004
47	6396.5039	6305.206	169.50000	0.0	0.0	110.0	0.6400003
30	6343.0615	6325.917	169.50000	0.0	0.0	-317.0	1.0000000
47	6196.0313	6387.064	169.50000	0.0	22.0	300.0	0.7000003
11	5802.0684	5800.873	349.50000	0.0	0.0	90.0	0.6600003
16	5274.7744	7980.797	169.50000	0.0	0.0	90.0	1.8999991
33	5428.7979	7729.380	164.50000	0.0	0.0	0.0	1.0000000
33	5420.7813	7754.748	264.50000	0.0	0.0	10.0	0.8600001
34	5249.1035	7591.613	169.49997	0.0	0.0	0.0	1.0200000
34	5247.9526	7729.354	169.49998	0.0	0.0	0.0	1.1399999
32	5510.6797	7999.232	389.50000	0.0	0.0	180.0	0.6600003
27	6340.5479	7358.007	169.50000	0.0	0.0	0.0	1.3799996
28	6339.1289	7598.216	169.50000	0.0	0.0	180.0	1.5399995
28	6339.0088	7769.145	169.50000	0.0	0.0	180.0	1.5399995
28	6338.8906	7428.696	169.50000	0.0	0.0	180.0	1.5399995
27	4930.3569	7165.710	169.01860	0.0	0.0	0.0	1.2199998
27	5353.3638	7480.857	169.01865	0.0	0.0	0.0	1.2199998
27	5142.0332	7474.519	169.01863	0.0	0.0	0.0	1.2199998
27	5145.7866	7170.254	169.01875	0.0	0.0	0.0	1.2199998
28	5039.1606	7169.190	164.49992	0.0	0.0	90.0	1.5399995
28	5246.9038	7479.794	164.49995	0.0	0.0	90.0	1.5399995
28	5140.7349	7367.510	164.49997	0.0	0.0	180.0	1.5399995
28	5351.7217	7590.003	164.49997	0.0	0.0	180.0	1.5399995
28	5141.7578	7285.125	164.50003	0.0	0.0	0.0	1.5399995
40	4900.7822	7117.046	169.50020	0.0	0.0	0.0	1.8799992
18	5362.8926	8407.508	169.50000	0.0	0.0	90.0	1.4199996
16	5277.5068	8825.978	169.50000	0.0	0.0	90.0	1.8999991
20	5416.0918	8408.464	169.50000	0.0	0.0	90.0	1.4999995
23	5277.6191	8020.112	259.50000	0.0	0.0	0.0	1.6599994
23	5305.6318	8758.370	279.50000	0.0	0.0	0.0	1.6599994
24	5330.1572	8391.370	314.50000	0.0	0.0	90.0	2.1599989
22	5446.6689	8810.927	169.50000	0.0	0.0	90.0	1.8799992
27	5021.9180	8412.871	169.50000	0.0	0.0	0.0	1.5799994
27	5586.4722	8629.432	169.01863	0.0	0.0	0.0	1.5599995
28	5467.7681	8615.619	164.50009	0.0	0.0	-90.0	1.9599991
2	5411.2080	9143.551	169.50000	0.0	0.0	0.0	0.7800002
28	5595.5049	8766.815	164.50012	0.0	0.0	-180.0	1.9599991
28	5595.4224	8986.486	164.50009	0.0	0.0	-180.0	1.9599991
28	5596.3447	9202.354	164.50009	0.0	0.0	-180.0	1.9599991
27	5588.4072	9339.965	169.01862	0.0	0.0	0.0	1.5599995
4	5404.4082	9405.197	169.49997	0.0	0.0	90.0	1.0000000
40	5710.5674	9353.578	169.50034	0.0	0.0	90.0	2.0999990
40	5903.6792	9353.693	169.50031	0.0	0.0	-90.0	2.0999990
27	6031.9067	9344.330	169.01859	0.0	0.0	0.0	1.5599995
28	6032.1650	9205.743	164.50005	0.0	0.0	-180.0	1.9599991
28	6032.3071	8978.276	164.50011	0.0	0.0	-180.0	1.9599991
28	6033.3301	8751.769	164.50003	0.0	0.0	-180.0	1.9599991
27	6034.1738	8626.472	169.01863	0.0	0.0	0.0	1.5599995
28	6179.6328	8625.949	164.50008	0.0	0.0	-90.0	1.9599991
16	6399.6880	8527.628	169.49998	0.0	0.0	0.0	1.8999991
2	6204.5405	9147.904	169.49997	0.0	0.0	0.0	0.7800002
16	6279.3315	9429.749	169.50011	0.0	0.0	0.0	1.8999991
17	6213.4512	8884.915	169.49985	0.0	0.0	90.0	1.2599998
4	5403.7925	9839.113	169.50000	0.0	0.0	90.0	1.0000000
4	5402.2222	10273.893	169.50002	0.0	0.0	90.0	1.0000000
0	6307.1094	14061.189	-1501.88037	0.0	0.0	0.0	1.0000000
18	6925.8086	3042.402	169.50005	0.0	0.0	0.0	1.3999996
18	6628.7603	3047.364	169.50002	0.0	0.0	0.0	1.3999996
26	6628.6621	3165.461	234.49991	0.0	0.0	-90.0	1.0000000
23	7653.6226	2895.260	269.50006	0.0	0.0	-90.0	1.4599996
28	7155.7275	3826.647	169.50000	0.0	0.0	180.0	1.7199993
28	7154.8184	4021.899	169.50000	0.0	0.0	180.0	1.7199993
27	7161.6709	3511.126	169.50000	0.0	0.0	0.0	1.3599997
27	7159.1465	4144.491	169.50000	0.0	0.0	0.0	1.3599997
28	7156.4561	3630.148	169.50000	0.0	0.0	180.0	1.7199993
10	7358.1348	3827.758	169.50000	0.0	0.0	0.0	1.1999998
48	7156.3115	4148.010	379.50000	0.0	0.0	0.0	1.0000000
10	7350.8818	3622.374	169.50000	0.0	0.0	70.0	1.1199999
57	7157.3193	4147.407	439.50000	0.0	0.0	0.0	0.5800004
27	7131.5566	4600.232	169.50000	0.0	0.0	0.0	1.3599997
28	7128.7676	4724.784	169.50000	0.0	0.0	360.0	1.7199993
40	7224.5601	4564.554	169.50003	0.0	0.0	90.0	2.0999990
33	7248.6973	4673.674	169.50000	0.0	0.0	0.0	1.0000000
33	7254.4043	4678.089	169.50000	0.0	0.0	7.0	0.9000001
34	7375.4727	4695.841	169.50000	0.0	0.0	60.0	1.0000000
48	7126.7139	4608.152	379.50000	0.0	0.0	0.0	1.0000000
40	7244.4565	4188.834	169.50006	0.0	0.0	90.0	2.0999990
57	7128.2437	4607.675	439.50000	0.0	0.0	0.0	0.5800004
10	7600.3232	3949.440	169.50000	0.0	0.0	70.0	1.1199999
47	7914.5205	4053.334	169.50000	0.0	0.0	80.0	0.9800000
10	7912.1543	3719.256	169.50000	0.0	0.0	70.0	1.1199999
35	7685.4590	4737.313	339.50000	0.0	0.0	0.0	1.3199997
34	7475.0088	4697.745	169.50000	0.0	0.0	100.0	0.8800001
20	7774.3633	4725.545	169.50000	0.0	0.0	0.0	1.5799994
47	7434.4238	4572.527	169.50000	0.0	0.0	40.0	1.2799997
23	7016.2573	3246.682	269.50018	0.0	0.0	0.0	1.4599996
18	7138.3223	3242.435	169.50002	0.0	0.0	90.0	1.3999996
32	6732.1040	3409.118	379.50003	0.0	0.0	270.0	0.6400003
32	6512.0425	3408.627	379.50012	0.0	0.0	270.0	0.7600002
34	7213.3647	3434.663	169.49997	0.0	0.0	100.0	0.8800001
34	7250.2065	3534.934	169.49991	0.0	0.0	100.0	1.0200000
34	7247.2104	3333.306	169.49992	0.0	0.0	100.0	1.0200000
28	7127.6006	4905.893	169.50000	0.0	0.0	360.0	1.7199993
27	7119.9541	5027.767	169.50000	0.0	0.0	0.0	1.3599997
34	7247.7412	4819.922	169.50000	0.0	0.0	0.0	1.0000000
28	7250.2754	5024.611	169.50000	0.0	0.0	450.0	1.7199993
10	6409.8740	5447.286	169.50000	0.0	0.0	20.0	0.8200002
27	7379.7246	5561.375	169.50000	0.0	0.0	0.0	1.3599997
34	7305.2539	5436.933	169.50000	0.0	0.0	0.0	1.0000000
34	7337.7021	5302.622	169.50000	0.0	0.0	130.0	0.8800001
34	7320.2744	5215.063	169.50000	0.0	0.0	130.0	0.8800001
10	6433.8320	6131.422	169.50000	0.0	0.0	-40.0	0.7800002
27	7383.0723	6033.807	169.50000	0.0	0.0	0.0	1.3599997
28	7373.4580	6144.516	169.50000	0.0	0.0	180.0	1.5399995
27	7375.7822	6250.313	169.50003	0.0	0.0	0.0	1.3599997
15	7756.9922	4954.063	169.50000	0.0	0.0	0.0	1.8599992
28	7897.8535	5555.434	169.50000	0.0	0.0	270.0	1.7199993
28	7709.7461	5556.220	169.50000	0.0	0.0	270.0	1.7199993
28	7512.2246	5556.921	169.50000	0.0	0.0	270.0	1.7199993
23	7736.4697	5251.054	274.50000	0.0	0.0	-90.0	1.2999997
19	7904.9756	5247.552	169.50000	0.0	0.0	90.0	1.2599998
34	7402.1240	5434.528	169.50000	0.0	0.0	80.0	1.0000000
34	7413.9482	5325.730	169.50000	0.0	0.0	60.0	0.9400001
34	7524.5498	5354.729	169.50000	0.0	0.0	110.0	1.0000000
34	7510.8711	5471.478	169.50000	0.0	0.0	40.0	1.0000000
27	7989.6660	6030.072	169.50000	0.0	0.0	0.0	1.3599997
27	7997.8789	6262.944	169.50000	0.0	0.0	0.0	1.3599997
28	7995.4004	6143.981	169.50000	0.0	0.0	360.0	1.7199993
28	7868.8291	6036.244	169.50000	0.0	0.0	270.0	1.7199993
28	7684.0977	6035.432	169.50000	0.0	0.0	270.0	1.7199993
28	7505.7910	6036.259	169.50000	0.0	0.0	270.0	1.7199993
52	6640.2471	7358.402	169.50000	0.0	0.0	0.0	1.0000000
28	6434.1514	7353.729	169.50000	0.0	0.0	90.0	1.5399995
10	7199.6387	6824.840	169.50000	0.0	0.0	0.0	0.9000001
10	6622.2324	7237.380	169.50000	0.0	0.0	0.0	0.9000001
47	7299.2959	7302.277	169.50000	0.0	0.0	60.0	0.7400002
28	7374.1309	7265.617	169.50000	0.0	0.0	180.0	1.5399995
28	7307.8281	7354.945	169.50002	0.0	0.0	-90.0	1.5399995
27	7378.3145	7357.428	169.50000	0.0	0.0	0.0	1.4199996
27	7371.2939	7149.375	169.50000	0.0	0.0	0.0	1.4199996
60	6911.5645	7347.581	169.50000	0.0	0.0	0.0	1.0000000
52	7095.1631	7357.525	169.50000	0.0	0.0	0.0	1.0000000
2	6557.7930	7662.846	169.50000	0.0	0.0	-10.0	0.7600002
4	6800.1816	7637.457	169.50000	0.0	0.0	0.0	0.7800002
4	7133.8271	7637.650	169.50000	0.0	0.0	0.0	0.7800002
2	7379.5205	7619.752	169.50000	0.0	0.0	-10.0	0.7600002
17	6657.2432	7859.655	169.50000	0.0	0.0	90.0	1.2199998
17	6507.4531	7935.289	169.50000	0.0	0.0	0.0	1.2199998
16	6979.0313	7907.594	169.50000	0.0	0.0	360.0	2.3599987
37	7296.6289	7850.316	169.50000	0.0	0.0	-420.0	0.8600001
23	7379.3291	7897.915	169.50000	0.0	0.0	-90.0	1.6599994
10	7814.5459	7386.153	169.50000	0.0	0.0	40.0	1.0599999
10	7916.9385	7273.188	169.50000	0.0	0.0	70.0	0.9200001
47	7808.3760	6705.964	169.50000	0.0	0.0	0.0	1.0000000
47	7562.2793	7137.603	169.50000	0.0	0.0	50.0	0.9000001
0	7450.0000	6850.000	169.50000	0.0	0.0	0.0	1.0000000
37	7546.8672	7394.947	169.50000	0.0	0.0	-50.0	1.0999999
4	7669.5400	7641.040	169.50000	0.0	0.0	0.0	0.7800002
6	7656.3428	7534.377	169.50000	0.0	0.0	360.0	0.8800001
6	7861.2520	7537.333	169.50000	0.0	0.0	360.0	0.8800001
16	7452.1533	7907.058	169.50000	0.0	0.0	360.0	2.3599987
37	7603.8623	7449.527	169.50000	0.0	0.0	150.0	0.9200001
50	6840.7363	7365.381	169.50008	0.0	0.0	0.0	1.0000000
59	6684.9282	7282.340	169.50003	0.0	0.0	0.0	1.0000000
51	6528.2710	7360.785	169.50006	0.0	0.0	0.0	1.0000000
51	7176.6230	7361.463	169.50003	0.0	0.0	0.0	1.0000000
57	6528.8257	7322.779	469.25177	0.0	0.0	0.0	0.6200004
57	7177.8511	7323.124	469.25180	0.0	0.0	0.0	0.6200004
53	7199.7148	7159.639	169.49986	0.0	0.0	0.0	1.0000000
57	7200.1025	7159.115	238.07095	0.0	0.0	0.0	1.0000000
23	6496.2432	8181.410	249.50000	0.0	0.0	0.0	1.6599994
17	6656.9141	8223.097	169.50000	0.0	0.0	90.0	1.2199998
17	6497.7725	8956.148	169.49992	0.0	0.0	90.0	1.3199997
17	6484.7153	9135.256	159.49988	0.0	0.0	0.0	1.3199997
17	8318.0986	2861.111	169.49988	0.0	0.0	90.0	1.2399998
23	8138.4126	2893.323	274.49994	0.0	0.0	-90.0	1.4599996
17	8166.5522	3078.856	169.49989	0.0	0.0	90.0	1.2399998
23	8053.0298	3172.617	269.49994	0.0	0.0	0.0	1.4599996
15	8241.5508	3590.139	195.50014	0.0	0.0	90.0	1.5199995
16	8276.7012	3387.960	344.49994	0.0	0.0	90.0	1.3199997
41	8444.0371	3989.675	-4.50000	0.0	0.0	0.0	1.3599997
41	8443.4521	4435.105	-4.50000	0.0	0.0	0.0	1.3599997
27	8309.2412	4310.441	169.50000	0.0	0.0	0.0	1.3599997
28	8300.6270	4432.651	169.50000	0.0	0.0	360.0	1.7199993
28	8299.7061	4623.126	169.50000	0.0	0.0	360.0	1.7199993
34	8217.6055	4687.275	169.50000	0.0	0.0	60.0	1.0000000
34	8213.3760	4578.267	169.50000	0.0	0.0	110.0	1.0000000
34	8133.5176	4649.735	169.50000	0.0	0.0	160.0	0.8600001
10	8033.2627	4548.732	169.50000	0.0	0.0	70.0	1.1199999
42	8437.9209	4710.191	50.50000	0.0	0.0	180.0	1.0000000
42	8443.5039	4363.240	50.50000	0.0	0.0	180.0	1.0000000
41	9007.9873	3845.372	-4.50000	0.0	0.0	0.0	1.3599997
41	8441.7188	3535.353	-4.50002	0.0	0.0	0.0	1.3599997
28	8298.8271	4805.538	169.50000	0.0	0.0	360.0	1.7199993
28	8299.0195	4993.369	169.50000	0.0	0.0	360.0	1.7199993
27	8297.5527	5115.220	169.50000	0.0	0.0	0.0	1.3599997
28	8169.6748	5102.626	169.50000	0.0	0.0	270.0	1.7199993
16	8030.7832	4906.867	364.50000	0.0	0.0	-360.0	1.4999995
40	8459.2305	5695.261	169.50000	0.0	0.0	180.0	2.1399989
28	8152.4863	5550.604	169.50000	0.0	0.0	270.0	1.7199993
28	8342.6387	5549.418	169.50000	0.0	0.0	270.0	1.7199993
41	8437.5566	5345.537	-4.50000	0.0	0.0	0.0	1.3599997
41	8445.7822	4886.179	-4.50000	0.0	0.0	0.0	1.3599997
42	8433.8135	5145.450	50.50000	0.0	0.0	180.0	1.0000000
28	8019.1758	5438.734	169.50000	0.0	0.0	360.0	1.7199993
27	8018.9395	5555.967	169.50000	0.0	0.0	0.0	1.3599997
28	8019.4971	5256.446	169.50000	0.0	0.0	360.0	1.7199993
14	8242.5107	5426.625	169.50000	0.0	0.0	90.0	1.0000000
27	8459.8330	5566.223	168.50000	0.0	0.0	0.0	1.6199994
42	8534.5342	5562.837	27.50000	0.0	0.0	0.0	1.0000000
43	8723.9688	5563.226	101.50000	0.0	0.0	0.0	1.0000000
42	8932.4648	5563.456	27.50000	0.0	0.0	180.0	1.0000000
39	8590.0166	5537.458	-85.50000	0.0	0.0	0.0	3.2599978
39	8688.0117	5536.834	-85.50000	0.0	0.0	0.0	3.2599978
39	8797.3584	5536.765	-100.50000	0.0	0.0	0.0	3.2599978
56	8621.1338	5469.915	49.50000	0.0	0.0	-10.0	2.1799989
55	8694.7617	5430.429	4.50000	0.0	0.0	0.0	2.0599990
56	8785.7354	5493.928	59.50000	0.0	0.0	-10.0	2.1799989
29	8645.7158	5562.608	96.50000	0.0	0.0	0.0	1.2399998
29	8948.1523	5563.315	96.50000	0.0	0.0	0.0	1.2399998
41	8443.8574	6235.482	-4.50000	0.0	0.0	0.0	1.3599997
27	8466.4365	6005.564	168.50000	0.0	0.0	0.0	1.6199994
13	8206.4541	6149.605	169.50000	0.0	0.0	90.0	1.0000000
28	8299.2100	6031.639	169.50000	0.0	0.0	270.0	1.7199993
28	8109.8633	6031.434	169.50000	0.0	0.0	270.0	1.7199993
28	8119.5322	6260.646	169.50000	0.0	0.0	450.0	1.7199993
40	8460.3535	5896.326	169.50000	0.0	0.0	0.0	2.1399989
42	8585.7236	5990.922	27.50000	0.0	0.0	0.0	1.0000000
43	8745.4951	5991.293	102.50000	0.0	0.0	0.0	1.0000000
42	8944.2813	5992.005	27.50000	0.0	0.0	180.0	1.0000000
29	8655.6035	5998.150	96.50000	0.0	0.0	0.0	1.2399998
29	8958.4805	5998.348	96.50000	0.0	0.0	0.0	1.2399998
34	8122.8955	6372.522	169.50000	0.0	0.0	40.0	1.0000000
28	8119.5322	6260.646	169.50000	0.0	0.0	450.0	1.7199993
54	8634.7080	6169.747	49.33967	0.0	79.0	-90.0	1.4199996
54	8837.0811	6081.799	169.50000	0.0	79.0	-90.0	1.4199996
56	8645.0820	6312.767	22.89819	0.0	0.0	0.0	2.1799989
56	8818.6523	6333.088	109.49997	0.0	0.0	0.0	2.1799989
41	9017.3203	5317.251	-4.50000	0.0	0.0	0.0	1.3599997
41	8443.7656	6540.116	-4.50000	0.0	0.0	0.0	1.3599997
41	8443.2568	6993.635	-4.50000	0.0	0.0	0.0	1.3599997
4	8367.3594	7341.557	169.50000	0.0	0.0	90.0	0.7800002
4	8368.5430	7001.830	169.50000	0.0	0.0	90.0	0.7800002
4	8369.5605	6660.482	169.50000	0.0	0.0	90.0	0.7800002
2	8326.5801	6434.822	169.50000	0.0	0.0	-10.0	0.7600002
6	8442.7539	6634.484	169.50000	0.0	0.0	90.0	1.0599999
6	8446.0859	6818.362	169.50000	0.0	0.0	90.0	1.0599999
6	8449.1279	7004.361	169.50000	0.0	0.0	90.0	1.0599999
6	8451.8848	7189.564	169.50000	0.0	0.0	90.0	1.0599999
6	8453.0723	7378.549	169.50000	0.0	0.0	90.0	1.0599999
6	8223.4668	7325.544	169.50000	0.0	0.0	270.0	1.0599999
6	8226.3760	7095.941	169.50000	0.0	0.0	270.0	1.0599999
6	8222.0313	6887.560	169.50000	0.0	0.0	270.0	1.0599999
6	8232.4043	6683.380	169.50000	0.0	0.0	270.0	1.0599999
34	8125.6709	6469.237	169.50000	0.0	0.0	90.0	1.0000000
34	8020.2881	6453.534	169.50000	0.0	0.0	110.0	1.0000000
55	8816.9336	6440.831	94.50001	0.0	0.0	0.0	2.0599990
41	8443.6396	7447.913	-4.50000	0.0	0.0	0.0	1.3599997
4	8008.8066	7639.250	169.50000	0.0	0.0	0.0	0.7800002
2	8296.8623	7624.619	169.50000	0.0	0.0	-10.0	0.7600002
6	8045.4160	7537.134	169.50000	0.0	0.0	360.0	0.8800001
37	8165.0576	7400.413	169.50000	0.0	0.0	-90.0	1.1999998
55	8623.6377	6451.723	13.76314	0.0	0.0	0.0	2.0599990
23	17191.2266	4141.531	169.50000	0.0	0.0	-90.0	1.2599998
36	17430.3984	4146.232	169.50000	0.0	0.0	0.0	1.1599998
4	16747.8027	4719.505	169.50000	0.0	0.0	90.0	0.9000001
23	17007.6523	4530.537	219.50000	0.0	0.0	-90.0	1.6199994
17	17010.3438	4429.107	169.50000	0.0	0.0	0.0	1.0000000
17	17187.7461	4546.264	169.50000	0.0	0.0	90.0	1.0000000
4	16746.6680	4332.342	169.49998	0.0	0.0	90.0	0.9000001
33	17368.2656	4586.987	254.50000	0.0	0.0	-4.0	0.9400001
33	17262.2813	4584.002	169.50000	0.0	0.0	90.0	0.9400001
33	17258.7500	4484.191	169.50000	0.0	0.0	90.0	0.8600001
28	17313.7188	4672.824	169.50000	0.0	0.0	90.0	1.6799994
33	17262.2813	4584.002	259.50000	0.0	0.0	187.0	0.9400001
33	17367.1680	4590.813	169.50000	0.0	0.0	87.0	0.9100001
33	17275.1523	4377.979	169.50000	0.0	0.0	170.0	0.8600001
34	17373.8125	4477.951	169.50000	0.0	0.0	-70.0	0.9400001
4	16379.6270	5420.119	169.50000	0.0	0.0	180.0	0.9000001
4	16277.1172	5510.785	169.50000	0.0	0.0	90.0	0.9000001
4	16403.6250	6156.569	169.50000	0.0	0.0	0.0	0.9000001
4	16286.7773	6061.299	169.50000	0.0	0.0	90.0	0.9000001
1	16299.1719	5813.604	169.50000	0.0	0.0	90.0	0.9900000
4	16746.9395	5111.277	169.50000	0.0	0.0	90.0	0.9000001
22	16822.8906	5364.220	169.50000	0.0	0.0	90.0	1.7399993
22	16834.5957	4800.294	169.50000	0.0	0.0	90.0	1.7399993
22	16640.1758	5526.053	169.50000	0.0	0.0	180.0	1.7399993
31	16824.0859	5568.229	169.50000	0.0	0.0	0.0	1.0000000
57	16823.7012	5567.924	334.50000	0.0	0.0	0.0	0.7200003
5	16712.1055	5396.596	169.50000	0.0	0.0	-180.0	0.9000001
5	16725.3867	6190.881	169.50000	0.0	0.0	-270.0	0.9000001
35	16552.9063	5940.490	289.50000	0.0	0.0	90.0	1.0000000
22	16846.6016	6217.771	169.50000	0.0	0.0	90.0	1.7399993
22	16649.8125	6064.790	169.50000	0.0	0.0	0.0	1.7399993
31	16837.9121	6060.151	169.50000	0.0	0.0	0.0	1.0000000
57	16836.3750	6059.114	334.50000	0.0	0.0	0.0	0.7200003
4	16814.0078	6930.148	169.50000	0.0	0.0	0.0	0.9000001
4	16746.6328	6490.673	169.50000	0.0	0.0	90.0	0.9000001
4	17584.9531	6929.918	169.50000	0.0	0.0	0.0	0.9000001
4	16746.5273	6878.237	169.50000	0.0	0.0	90.0	0.9000001
2	16860.7676	6847.673	169.50000	0.0	0.0	0.0	0.8200002
22	16848.1484	6525.657	169.50000	0.0	0.0	90.0	1.7399993
18	17232.2578	6859.086	169.50000	0.0	0.0	0.0	1.3999996
4	17223.1953	6933.057	169.50000	0.0	0.0	0.0	0.9000001
35	17131.8242	6798.279	339.50006	0.0	0.0	0.0	1.0000000
35	17334.8223	6800.533	339.49994	0.0	0.0	0.0	1.0000000
4	18896.1660	958.442	169.50000	0.0	0.0	90.0	0.9000001
4	18894.5625	570.806	169.50000	0.0	0.0	90.0	0.9000001
23	18618.0195	883.353	304.50000	0.0	0.0	0.0	1.6799994
23	18618.0879	375.251	304.50000	0.0	0.0	0.0	1.6799994
22	19008.5742	839.238	169.50000	0.0	0.0	90.0	2.0399990
10	19160.3047	958.942	169.50000	0.0	0.0	-80.0	1.2199998
4	18737.4492	1389.933	169.50000	0.0	0.0	140.0	0.9000001
18	18782.6582	1481.108	169.50000	0.0	0.0	140.0	1.3999996
2	18904.4297	1252.879	169.50000	0.0	0.0	0.0	0.7800002
17	19184.8984	1250.309	169.50000	0.0	0.0	0.0	1.0000000
23	18467.0020	1257.857	274.50000	0.0	0.0	50.0	1.6799994
30	19118.6289	1089.162	169.50000	0.0	0.0	-50.0	1.0000000
36	18130.4570	1011.106	169.50000	0.0	0.0	0.0	1.3599997
21	19009.7813	1385.846	169.50000	0.0	0.0	140.0	1.2399998
26	18063.2695	2213.842	304.50000	0.0	0.0	180.0	1.0400000
4	18210.1270	1972.802	169.50000	0.0	0.0	180.0	0.9000001
4	18564.3477	1618.523	169.50000	0.0	0.0	90.0	0.9000001
5	18523.0234	1948.629	169.50000	0.0	0.0	-180.0	0.9000001
5	18542.2617	2455.562	169.50000	0.0	0.0	-270.0	0.9000001
35	18433.7578	2286.771	339.50000	0.0	0.0	90.0	1.0000000
4	18222.1035	2433.755	169.50000	0.0	0.0	0.0	0.9000001
4	18328.6289	2206.715	169.50000	0.0	0.0	90.0	0.9000001
19	18401.9277	2218.179	169.50000	0.0	0.0	90.0	1.3999996
18	18652.7188	2579.598	169.50000	0.0	0.0	90.0	1.3999996
18	18640.0078	1808.317	169.50000	0.0	0.0	90.0	1.3999996
40	18783.6035	2361.946	169.50000	0.0	0.0	-60.0	2.1799989
40	18771.5020	2033.182	169.50000	0.0	0.0	-120.0	2.1799989
41	18702.5742	2440.556	169.50000	0.0	0.0	-90.0	1.0400000
41	18665.4063	1967.508	169.50000	0.0	0.0	-90.0	1.0400000
23	18280.1328	1659.919	304.50000	0.0	0.0	0.0	1.6799994
13	18798.3008	2514.011	169.50000	0.0	0.0	90.0	0.7200003
35	18682.8398	1628.291	329.50000	0.0	0.0	90.0	1.0000000
20	18675.2578	1799.042	169.50000	0.0	0.0	90.0	1.3399997
14	18754.6211	1888.963	169.50000	0.0	0.0	90.0	0.7200003
27	18892.4727	2428.165	169.50000	0.0	0.0	0.0	1.4999995
27	18876.3320	1993.351	169.50000	0.0	0.0	0.0	1.4999995
48	18914.9531	2414.293	459.50000	0.0	0.0	0.0	1.0000000
57	18917.5625	2413.731	514.50000	0.0	0.0	0.0	0.5800004
22	18645.8340	2876.312	169.50000	0.0	0.0	90.0	1.4999995
41	18935.4844	3045.493	10.50000	0.0	0.0	-270.0	1.3999996
4	18568.2266	2786.970	169.50000	0.0	0.0	90.0	0.9000001
17	18574.8340	3117.284	169.50000	0.0	0.0	90.0	1.0000000
46	18811.8652	2949.442	169.50000	0.0	0.0	-90.0	1.8199992
46	19132.4805	2949.849	169.50000	0.0	0.0	90.0	1.8199992
46	18955.2402	2950.753	169.50000	0.0	0.0	90.0	1.8199992
26	18247.3242	2786.762	239.50000	0.0	0.0	180.0	1.3999996
35	18691.9531	2721.685	329.50000	0.0	0.0	90.0	1.0000000
48	18899.0859	1983.645	459.50006	0.0	0.0	0.0	1.0000000
57	18898.4551	1983.452	514.50000	0.0	0.0	0.0	0.5800004
16	17699.9160	4078.048	169.50000	0.0	0.0	0.0	1.6999993
17	17983.1582	4050.055	169.50000	0.0	0.0	90.0	1.0000000
4	18042.7871	3646.262	169.50000	0.0	0.0	90.0	0.9000001
4	18035.5078	3251.535	169.50000	0.0	0.0	90.0	0.9000001
17	17776.0625	4288.290	169.50000	0.0	0.0	90.0	1.0000000
17	17898.1855	4446.575	169.50000	0.0	0.0	0.0	1.0000000
17	18015.9297	4571.816	169.50000	0.0	0.0	90.0	1.0000000
17	17777.9414	4570.513	169.50000	0.0	0.0	90.0	1.0000000
34	18096.8242	4629.421	169.50000	0.0	0.0	-70.0	0.9400001
28	17826.4902	4690.487	169.50000	0.0	0.0	270.0	1.5199995
28	17993.6348	4691.980	169.50000	0.0	0.0	270.0	1.5199995
26	18064.6797	4295.952	169.50000	0.0	0.0	-90.0	1.1199999
41	18680.9648	3928.381	10.50000	0.0	0.0	0.0	1.3599997
41	18681.0938	3476.095	10.50000	0.0	0.0	0.0	1.3599997
41	18680.5430	3228.495	10.50000	0.0	0.0	0.0	1.3599997
17	18573.4297	3986.914	169.50000	0.0	0.0	90.0	1.0000000
17	18571.8301	3692.077	169.50000	0.0	0.0	90.0	1.0000000
17	18575.7344	3403.375	169.50000	0.0	0.0	90.0	1.0000000
17	18192.4570	4060.164	169.50000	0.0	0.0	90.0	1.0000000
36	18461.7656	3251.455	169.50000	0.0	0.0	0.0	1.0000000
37	18447.7930	3574.298	169.50000	0.0	0.0	-120.0	1.0000000
55	18763.4531	3247.242	-5.50000	0.0	0.0	0.0	2.0199990
55	18903.0293	3260.426	9.50000	0.0	0.0	0.0	2.0199990
55	19183.2227	3651.612	-5.50000	0.0	0.0	0.0	2.0199990
55	19045.7676	3756.758	-0.50000	0.0	0.0	0.0	2.0199990
55	18830.6543	4116.842	-20.50000	0.0	0.0	0.0	2.0199990
41	18680.3008	4369.788	10.50000	0.0	0.0	0.0	1.3599997
17	18295.9316	4571.142	169.50000	0.0	0.0	90.0	1.0000000
17	18422.5078	4687.296	169.50000	0.0	0.0	0.0	1.0000000
17	18572.6523	4560.616	169.50000	0.0	0.0	90.0	1.0000000
17	18571.2539	4276.097	169.50000	0.0	0.0	90.0	1.0000000
34	18346.0391	4660.881	169.50000	0.0	0.0	0.0	0.9400001
34	18454.6992	4656.155	169.50000	0.0	0.0	30.0	0.9400001
34	18408.2324	4559.706	169.50000	0.0	0.0	-70.0	0.9400001
34	18369.1289	4667.744	319.50000	90.0	0.0	80.0	0.8600001
17	18138.8730	4442.717	169.50000	0.0	0.0	0.0	1.0000000
28	18288.6504	4689.979	169.50000	0.0	0.0	270.0	1.5199995
34	18191.3652	4629.686	169.50000	0.0	0.0	-20.0	0.8600001
34	18151.9902	4544.012	169.50000	0.0	0.0	30.0	0.8600001
28	18115.9707	4692.564	169.50000	0.0	0.0	270.0	1.5199995
16	18158.6758	4284.217	169.50000	0.0	0.0	90.0	1.5799994
46	18679.8984	4631.595	199.50000	0.0	0.0	-180.0	1.7399993
46	18680.1426	4444.174	199.50000	0.0	0.0	-180.0	1.7399993
46	18680.0234	4256.381	199.50000	0.0	0.0	-180.0	1.7399993
55	19083.5469	4220.866	-0.50000	0.0	0.0	0.0	2.0199990
17	18567.7813	4834.871	169.50000	0.0	0.0	90.0	1.0000000
22	18626.8438	4825.780	169.50000	0.0	0.0	90.0	1.4799995
41	18683.5195	5275.163	10.50000	0.0	0.0	0.0	1.3599997
41	18682.9512	4823.298	10.50000	0.0	0.0	0.0	1.3599997
42	18762.2578	5530.158	70.50000	0.0	0.0	0.0	1.0000000
42	19104.8691	5530.309	70.50000	0.0	0.0	180.0	1.0000000
17	18570.9023	5130.278	169.50000	0.0	0.0	90.0	1.0000000
22	18629.4688	5118.170	169.50000	0.0	0.0	90.0	1.4799995
43	18962.8320	5530.449	145.50000	0.0	0.0	0.0	1.0000000
13	18500.9434	5436.386	169.50000	0.0	0.0	90.0	0.8800001
17	18449.4297	5308.036	169.50000	0.0	0.0	0.0	1.0000000
17	18316.6680	5440.526	169.50000	0.0	0.0	90.0	1.0000000
27	18319.6797	5598.276	169.50000	0.0	0.0	0.0	1.5799994
27	18683.1836	5538.310	-6.50000	0.0	0.0	0.0	1.7999992
40	18216.0176	5595.120	169.50000	0.0	0.0	-90.0	2.1799989
39	18792.3145	5510.814	-4.50000	0.0	0.0	210.0	3.1999979
39	18854.4648	5508.544	-4.50000	0.0	0.0	210.0	3.1999979
39	18917.5430	5512.596	-4.50000	0.0	0.0	210.0	3.1999979
39	18981.2656	5516.513	-4.50000	0.0	0.0	210.0	3.1999979
39	19049.9453	5516.304	-4.50000	0.0	0.0	210.0	3.1999979
29	18838.3105	5533.272	169.50000	0.0	0.0	0.0	1.0999999
29	19103.7070	5532.491	169.50000	0.0	0.0	0.0	1.0999999
56	18993.7578	5475.817	90.50000	0.0	0.0	0.0	1.8999991
55	18894.6582	5483.029	-5.50000	0.0	0.0	0.0	2.0199990
55	19053.6523	5480.191	24.50000	0.0	0.0	0.0	2.0199990
56	18853.1953	5463.714	84.50000	0.0	0.0	0.0	1.8999991
35	18394.8008	5600.266	314.50000	0.0	0.0	90.0	1.0000000
46	18683.2188	5402.200	199.50000	0.0	0.0	-180.0	1.7399993
46	18682.1523	5204.516	199.50000	0.0	0.0	-180.0	1.7399993
46	18682.0234	5005.977	199.50000	0.0	0.0	-180.0	1.7399993
46	18680.7305	4813.061	199.50000	0.0	0.0	-180.0	1.7399993
17	18325.9258	6151.155	169.50000	0.0	0.0	90.0	1.0000000
42	18783.3320	6052.144	45.50000	0.0	0.0	0.0	1.0000000
43	18977.3164	6053.030	120.50000	0.0	0.0	0.0	1.0000000
42	19139.5039	6054.178	45.50000	0.0	0.0	180.0	1.0000000
41	18670.6426	6273.654	10.50000	0.0	0.0	0.0	1.3599997
17	18442.3789	6319.400	169.50000	0.0	0.0	0.0	1.0000000
14	18501.8418	6101.555	169.50000	0.0	0.0	90.0	0.8800001
27	18327.2285	6028.454	169.50000	0.0	0.0	0.0	1.5799994
27	18658.5352	6037.453	-6.50000	0.0	0.0	0.0	1.7999992
40	18204.4570	6030.739	169.50000	0.0	0.0	-90.0	2.1799989
29	18829.3750	6041.154	130.50000	0.0	0.0	0.0	1.0999999
29	19117.3477	6042.003	130.50000	0.0	0.0	0.0	1.0999999
35	18406.5703	6029.728	314.50000	0.0	0.0	90.0	1.0000000
46	18674.7363	6167.490	199.50000	0.0	0.0	0.0	1.7399993
46	18674.6641	6350.884	199.50000	0.0	0.0	0.0	1.7399993
54	19177.1914	6264.482	149.50000	0.0	59.0	0.0	1.4199996
56	18999.3125	6319.171	89.50000	0.0	0.0	0.0	1.9399991
4	17975.6641	6927.851	169.50000	0.0	0.0	0.0	0.9000001
2	17634.3789	6880.388	169.50000	0.0	0.0	0.0	0.8200002
22	17979.9492	6830.951	169.50000	0.0	0.0	0.0	1.7399993
2	18245.5977	6971.642	169.50000	0.0	0.0	0.0	0.8200002
22	18621.7676	6494.233	169.50000	0.0	0.0	90.0	1.4799995
41	18672.0137	6729.071	10.50000	0.0	0.0	0.0	1.3599997
41	18671.2852	7177.913	10.50000	0.0	0.0	180.0	1.3599997
17	18564.8359	6501.864	169.50000	0.0	0.0	90.0	1.0000000
17	18567.7930	6797.537	169.50000	0.0	0.0	90.0	1.0000000
17	18566.2949	7090.715	169.50000	0.0	0.0	90.0	1.0000000
22	18622.9727	6785.683	169.50000	0.0	0.0	90.0	1.4799995
22	18616.5664	7078.305	169.50000	0.0	0.0	90.0	1.4799995
17	18398.9941	7055.633	169.50000	0.0	0.0	0.0	1.0000000
17	18412.6309	7166.723	169.50000	0.0	0.0	0.0	1.0000000
46	18675.4805	6523.683	169.50000	0.0	0.0	0.0	1.7399993
46	18675.4805	6523.683	199.50000	0.0	0.0	0.0	1.7399993
46	18675.8535	6724.615	199.50000	0.0	0.0	0.0	1.7399993
46	18675.5625	6926.391	199.50000	0.0	0.0	0.0	1.7399993
46	18675.9922	7117.729	199.50000	0.0	0.0	0.0	1.7399993
46	18677.2227	7311.910	199.50000	0.0	0.0	0.0	1.7399993
5	18210.4063	7188.965	169.50000	0.0	0.0	-270.0	0.9000001
54	19164.1992	6659.777	129.50000	0.0	59.0	0.0	1.4199996
55	18959.2188	6642.485	29.50000	0.0	0.0	0.0	2.0199990
55	18867.6914	7231.212	64.50000	0.0	0.0	0.0	2.0199990
55	18858.0586	7177.330	-15.49987	0.0	0.0	0.0	2.2799988
56	19013.8945	6667.523	79.50000	0.0	0.0	0.0	1.9399991
5	18466.4551	7931.907	169.50000	0.0	0.0	-270.0	0.9000001
41	19104.0039	7430.949	60.50000	0.0	0.0	-270.0	1.0000000
41	18767.4492	7431.186	65.50000	0.0	0.0	-270.0	1.0000000
27	18671.3398	7418.458	169.50000	0.0	0.0	0.0	1.7999992
46	18807.2852	7433.596	199.50000	0.0	0.0	-90.0	1.7399993
46	19005.9434	7434.578	199.50000	0.0	0.0	-90.0	1.7399993
2	18214.5293	7720.534	169.50000	0.0	0.0	0.0	0.8200002
4	18238.4766	7480.738	169.50000	0.0	0.0	90.0	0.9000001
36	18508.7031	7426.920	194.50000	0.0	0.0	0.0	1.0000000
22	18579.6113	7967.408	169.50000	0.0	0.0	90.0	1.7399993
17	19098.1855	7546.575	169.50000	0.0	0.0	0.0	1.0000000
17	18806.0352	7549.008	169.50000	0.0	0.0	0.0	1.0000000
17	18509.6641	7552.133	169.50000	0.0	0.0	0.0	1.0000000
33	19097.4102	7661.369	169.50000	0.0	0.0	87.0	0.9100001
34	18986.9570	7783.663	169.50000	0.0	0.0	-70.0	0.9400001
33	18992.9141	7667.380	169.50000	0.0	0.0	87.0	0.9100001
33	19109.7305	7754.871	169.50000	0.0	0.0	87.0	0.9100001
33	19097.4102	7661.369	249.50000	0.0	0.0	87.0	0.9100001
37	18715.2109	7679.060	169.50000	0.0	0.0	-60.0	1.0000000
44	18700.1953	7674.195	94.50000	0.0	0.0	-270.0	1.0000000
4	18491.2578	8259.516	169.50000	0.0	0.0	90.0	0.9000001
22	18565.2383	8537.685	169.50000	0.0	0.0	90.0	1.7399993
5	18453.4766	8579.509	169.50000	0.0	0.0	-180.0	0.9000001
26	18217.5859	8423.904	279.50000	0.0	0.0	-180.0	1.1199999
26	18209.5625	8124.538	279.50000	0.0	0.0	-180.0	1.1199999
2	18301.9453	8783.101	169.50000	0.0	0.0	0.0	0.8200002
4	18296.2109	8824.936	169.50000	0.0	0.0	90.0	0.9000001
35	18591.4805	8250.474	319.50000	0.0	0.0	90.0	1.0000000
4	18296.8359	9596.311	169.50000	0.0	0.0	90.0	0.9000001
22	18380.4414	9301.717	169.50000	0.0	0.0	90.0	1.7399993
4	18296.6191	9207.362	169.50000	0.0	0.0	90.0	0.9000001
31	18493.3652	9201.678	169.50000	0.0	0.0	0.0	1.0000000
57	18874.1914	9570.438	329.50000	0.0	0.0	0.0	0.7200003
31	18878.2578	9568.697	169.50000	0.0	0.0	0.0	1.0000000
57	18488.7520	9203.564	324.50000	0.0	0.0	0.0	0.7200003
20	18639.6387	9436.914	169.50000	0.0	0.0	40.0	1.5399995
40	18874.3594	9951.811	169.50000	0.0	0.0	60.0	1.0000000
4	18902.1836	9778.020	169.50000	0.0	0.0	0.0	0.9000001
4	18516.6211	9778.361	169.50000	0.0	0.0	0.0	0.9000001
18	18845.8398	9695.199	169.50000	0.0	0.0	0.0	1.3999996
1	18433.0645	9686.113	169.50000	0.0	0.0	40.0	0.9900000
27	19361.8359	1244.468	109.50000	0.0	0.0	0.0	1.2199998
57	19360.3047	1245.505	389.50000	0.0	0.0	30.0	0.5800004
48	19361.6152	1245.364	329.50000	0.0	0.0	0.0	1.0000000
46	19478.9141	1244.841	169.50000	0.0	0.0	-270.0	1.8199992
46	19688.4590	1244.638	169.50000	0.0	0.0	-270.0	1.8199992
10	19310.3477	1126.395	169.50000	0.0	0.0	0.0	1.0000000
10	19503.4453	1095.275	169.50000	0.0	0.0	80.0	1.2799997
27	20363.6758	1404.097	109.50000	0.0	0.0	-40.0	1.2199998
40	20436.0859	1496.392	169.50000	0.0	0.0	-220.0	2.1799989
27	20360.1797	1406.734	234.50000	0.0	0.0	-40.0	1.2199998
46	20247.2148	1357.761	169.50000	0.0	0.0	-250.0	1.8199992
46	20048.1973	1285.339	169.50000	0.0	0.0	-250.0	1.8199992
46	19784.6797	1244.087	169.50000	0.0	0.0	-450.0	1.8199992
27	19928.7129	1246.258	109.50000	0.0	0.0	0.0	1.3999996
48	19924.5703	1246.272	354.50000	0.0	0.0	0.0	1.0000000
57	19924.2695	1245.538	409.50000	0.0	0.0	30.0	0.5800004
10	20301.2598	1266.790	169.50000	0.0	0.0	-70.0	1.0000000
10	20127.8477	1227.849	169.50000	0.0	0.0	30.0	0.8200002
10	20550.0000	1050.000	169.50000	0.0	0.0	0.0	1.0000000
10	20235.5117	1159.395	169.50000	0.0	0.0	-10.0	0.8200002
41	19423.2852	3163.248	10.50000	0.0	0.0	-270.0	1.3599997
41	19207.4297	3088.844	169.50000	0.0	0.0	-360.0	0.5400004
46	19390.9980	3062.380	169.50000	0.0	0.0	-90.0	1.8199992
27	19259.8398	2946.651	109.50000	0.0	0.0	0.0	1.2199998
27	19259.7695	3062.410	109.50000	0.0	0.0	0.0	1.2199998
46	19599.3809	3062.753	169.50000	0.0	0.0	-90.0	1.8199992
44	19449.6367	2985.595	124.50000	0.0	0.0	-90.0	0.8400002
10	19376.2266	2985.951	169.50000	0.0	0.0	-50.0	1.0000000
10	19529.8223	2993.186	169.50000	0.0	0.0	0.0	0.8400002
40	20571.2500	1653.363	169.50000	0.0	0.0	-40.0	2.1799989
27	20770.8652	1866.500	169.50000	0.0	0.0	-40.0	1.2199998
52	20716.1621	1800.290	169.50000	0.0	0.0	50.0	1.0000000
27	20656.8086	1738.147	109.50000	0.0	0.0	-40.0	1.2199998
27	20651.4395	1743.387	234.50000	0.0	0.0	-40.0	1.2199998
34	20795.1777	2090.915	169.50000	0.0	0.0	-70.0	0.7600002
34	20737.1582	1992.587	169.50000	0.0	0.0	-70.0	0.7600002
34	20712.6680	2259.793	169.50000	0.0	0.0	-70.0	0.7600002
34	20765.5625	2320.144	169.50000	0.0	0.0	-70.0	0.7600002
10	20775.4063	1675.407	169.50000	0.0	0.0	0.0	1.0000000
41	19853.5039	3162.838	10.50000	0.0	0.0	-270.0	1.3599997
27	20041.9590	3180.340	-15.50000	0.0	0.0	0.0	1.7999992
27	20700.1738	3172.430	-15.50000	0.0	0.0	0.0	1.7999992
46	19801.0762	3062.672	169.50000	0.0	0.0	-90.0	1.8199992
27	19924.2773	3061.076	109.50000	0.0	0.0	0.0	1.2199998
30	19779.5273	2991.921	169.50000	0.0	0.0	-88.0	1.0000000
42	20032.0977	3014.093	130.50000	0.0	0.0	-90.0	1.0000000
42	20703.2695	3016.972	129.50000	0.0	0.0	-90.0	1.0000000
11	20039.9590	3034.131	304.50000	0.0	0.0	0.0	0.8600001
11	20714.1328	3052.150	304.50000	0.0	0.0	0.0	0.8600001
41	19439.1465	3839.313	10.50000	0.0	0.0	-270.0	1.3599997
41	19246.5410	4091.053	169.50000	0.0	0.0	-360.0	1.3599997
36	19381.5742	3914.731	169.50000	0.0	0.0	-100.0	1.0000000
46	19491.9883	3828.998	199.50000	0.0	0.0	-90.0	1.8199992
46	19354.6016	3828.452	199.50000	0.0	0.0	-90.0	1.8199992
55	19317.8262	3640.927	-25.50000	0.0	0.0	0.0	2.0199990
41	19231.9219	4719.134	169.50000	0.0	0.0	0.0	1.0000000
41	19233.8398	4379.797	169.50000	0.0	0.0	180.0	1.0000000
15	19494.9492	4667.724	169.50000	0.0	0.0	90.0	2.0999990
36	19806.2637	4074.787	289.50000	0.0	0.0	88.0	1.1399999
41	20040.6504	3638.652	10.50000	0.0	0.0	-360.0	1.3599997
41	20040.5938	3354.744	10.50000	0.0	0.0	-360.0	1.3599997
41	19784.9141	3837.976	10.50000	0.0	0.0	-270.0	1.3599997
16	19862.7813	4034.493	169.50000	0.0	0.0	0.0	1.6999993
23	19810.8184	4043.107	229.50000	0.0	0.0	-90.0	1.6799994
32	20110.3516	4059.421	344.50000	0.0	0.0	180.0	0.7000003
29	20038.6797	3370.048	169.50000	0.0	0.0	90.0	1.0999999
27	20045.0020	3825.283	-15.50000	0.0	0.0	0.0	1.7999992
29	20042.3984	3693.543	169.50000	0.0	0.0	90.0	1.0999999
41	20682.4902	3592.280	9.50000	0.0	0.0	-360.0	1.3599997
41	20682.4375	3364.964	9.50000	0.0	0.0	-360.0	1.3599997
27	20697.4766	3806.588	-15.50000	0.0	0.0	0.0	1.7999992
29	20702.8164	3357.781	169.50000	0.0	0.0	90.0	1.0999999
29	20702.0430	3622.968	169.50000	0.0	0.0	90.0	1.0999999
46	19915.7930	3828.636	199.50000	0.0	0.0	-90.0	1.8199992
46	19703.1426	3829.121	199.50000	0.0	0.0	-90.0	1.8199992
54	19931.2969	3694.247	84.50000	0.0	59.0	0.0	1.4199996
54	19936.1016	3350.800	69.50000	0.0	59.0	0.0	1.4199996
56	19762.2813	3341.264	24.50000	0.0	0.0	0.0	1.9399991
56	19756.1426	3652.329	39.50000	0.0	0.0	0.0	1.9399991
32	19813.1914	4657.709	449.50000	0.0	0.0	180.0	0.7000003
22	19747.4570	4345.025	169.50000	0.0	0.0	90.0	1.8999991
32	19876.4219	4335.416	324.50000	0.0	0.0	270.0	0.7600002
41	19313.8516	5301.226	60.50000	0.0	0.0	0.0	1.0000000
41	19231.3711	5056.690	169.50000	0.0	0.0	180.0	1.0000000
46	19315.1133	5363.013	199.50000	0.0	0.0	180.0	1.6799994
46	19238.8555	5055.232	169.50000	0.0	0.0	180.0	1.6799994
46	19237.9023	4875.938	169.50000	0.0	0.0	180.0	1.6799994
51	19332.7461	5488.052	169.50000	0.0	0.0	90.0	1.0000000
57	19367.8184	5488.915	474.50003	0.0	0.0	0.0	0.6200004
46	19315.1641	5193.952	199.50000	0.0	0.0	180.0	1.6799994
41	19259.3672	6189.380	60.50000	0.0	0.0	0.0	1.0000000
41	19261.0391	6356.462	60.50000	0.0	0.0	0.0	1.0000000
51	19298.5137	6084.297	169.50000	0.0	0.0	90.0	1.0000000
57	19337.7285	6083.233	474.50006	0.0	0.0	0.0	0.6200004
46	19273.0137	6203.668	199.50000	0.0	0.0	180.0	1.8199992
22	19741.5547	4971.912	169.50000	0.0	0.0	90.0	1.8999991
10	20792.8457	5195.059	169.50000	0.0	0.0	90.0	0.5400004
30	20774.3633	5255.605	169.50000	0.0	0.0	-138.0	1.0000000
47	20724.5234	5280.358	169.50000	0.0	20.0	10.0	0.7200003
47	20695.7969	6297.365	169.50000	0.0	0.0	10.0	0.6800003
30	20763.5645	6331.548	169.50000	0.0	0.0	-225.0	1.0000000
41	19260.7305	6631.825	60.50000	0.0	0.0	0.0	1.0000000
27	19276.2422	6763.513	149.50000	0.0	0.0	0.0	1.2199998
41	19447.3438	6771.100	60.50000	0.0	0.0	-90.0	1.0000000
46	19272.6172	6634.274	199.50000	0.0	0.0	180.0	1.8199992
46	19273.5020	6420.161	199.50000	0.0	0.0	180.0	1.8199992
46	19561.6465	6762.894	199.50000	0.0	0.0	90.0	1.8199992
46	19376.6973	6762.500	199.50000	0.0	0.0	90.0	1.8199992
56	19572.0391	6969.372	39.50000	0.0	0.0	0.0	2.0599990
56	19606.0840	7241.327	24.50000	0.0	0.0	0.0	2.0599990
41	19439.3984	7431.030	60.50000	0.0	0.0	-270.0	1.0000000
46	19205.9531	7435.236	199.50000	0.0	0.0	-90.0	1.7399993
46	19397.8477	7435.324	199.50000	0.0	0.0	-90.0	1.7399993
46	19595.3047	7433.927	199.50000	0.0	0.0	-90.0	1.7399993
17	19215.9297	7671.816	169.50000	0.0	0.0	90.0	1.0000000
34	19296.8242	7729.421	169.50000	0.0	0.0	-70.0	0.9400001
17	19495.9316	7671.142	169.50000	0.0	0.0	90.0	1.0000000
17	19622.5078	7787.296	169.50000	0.0	0.0	0.0	1.0000000
34	19556.2480	7691.610	169.50000	0.0	0.0	0.0	0.9400001
34	19652.2734	7722.440	169.50000	0.0	0.0	30.0	0.9400001
34	19607.5176	7613.026	169.50000	0.0	0.0	-70.0	0.9400001
17	19338.8730	7542.717	169.50000	0.0	0.0	0.0	1.0000000
28	19488.6504	7789.979	169.50000	0.0	0.0	270.0	1.5199995
34	19391.3652	7729.686	169.50000	0.0	0.0	-20.0	0.8600001
34	19351.9902	7644.012	169.50000	0.0	0.0	30.0	0.8600001
28	19315.9707	7792.564	169.50000	0.0	0.0	270.0	1.5199995
41	19778.9551	6771.612	60.50000	0.0	0.0	-90.0	1.0000000
41	19916.3496	6957.679	60.50000	0.0	0.0	-180.0	1.0000000
41	19916.8203	7294.519	60.50000	0.0	0.0	-360.0	1.0000000
29	19915.7578	6929.479	124.50000	0.0	0.0	90.0	1.0999999
29	19907.8711	7258.990	124.50000	0.0	0.0	90.0	1.0999999
27	19912.1055	6785.549	4.50000	0.0	0.0	0.0	1.7999992
46	19775.0352	6761.755	199.50000	0.0	0.0	90.0	1.8199992
54	19789.0586	7258.653	104.50000	0.0	59.0	0.0	1.4199996
54	19793.0039	6928.916	109.50000	0.0	59.0	0.0	1.4199996
16	20774.7734	7980.797	169.50000	0.0	0.0	90.0	1.8999991
34	20694.1289	7634.422	169.50000	0.0	0.0	0.0	1.1399999
34	20667.6563	7762.848	169.50000	0.0	0.0	0.0	1.0200000
41	19764.2695	7432.056	60.50000	0.0	0.0	-270.0	1.0000000
27	19904.4180	7418.781	4.50000	0.0	0.0	0.0	1.7999992
46	19773.1836	7434.162	199.50000	0.0	0.0	-270.0	1.7399993
17	19772.6523	7660.616	169.50000	0.0	0.0	90.0	1.0000000
28	20485.0840	7825.414	169.50000	0.0	0.0	270.0	1.9599991
27	20376.0098	7825.070	169.50000	0.0	0.0	0.0	1.5599995
27	19912.5195	7816.537	169.50000	0.0	0.0	0.0	1.5599995
28	19911.9375	7586.807	169.50000	0.0	0.0	360.0	1.9599991
28	19912.7188	7688.071	169.50000	0.0	0.0	360.0	1.9599991
40	20360.7129	7948.748	169.50000	0.0	0.0	170.0	2.0999990
40	19843.8594	7952.348	169.50000	0.0	0.0	200.0	2.0999990
57	20382.9102	7821.739	519.50000	0.0	0.0	0.0	0.5800004
48	20382.2188	7823.466	459.50000	0.0	0.0	0.0	1.0000000
48	19920.8359	7811.386	454.50000	0.0	0.0	0.0	1.0000000
57	19921.3477	7810.826	509.50000	0.0	0.0	0.0	0.5800004
16	20777.5078	8825.978	169.50000	0.0	0.0	90.0	1.8999991
23	20777.6191	8020.112	259.50000	0.0	0.0	0.0	1.6599994
27	20521.9180	8412.871	-5.50000	0.0	0.0	0.0	1.5799994
18	19270.7813	9691.330	169.50000	0.0	0.0	0.0	1.3999996
4	19286.2188	9776.039	169.50000	0.0	0.0	0.0	0.9000001
2	19636.0664	9747.926	169.50000	0.0	0.0	0.0	0.8200002
4	19689.2480	9764.363	169.50000	0.0	0.0	0.0	0.9000001
4	20077.4473	9765.600	169.50000	0.0	0.0	0.0	0.9000001
2	20344.0313	9778.736	169.50000	0.0	0.0	0.0	0.8200002
22	19994.2617	9664.980	169.50000	0.0	0.0	0.0	1.7399993
4	20562.5078	9751.270	169.50000	0.0	0.0	0.0	1.0000000
35	20166.1543	9665.035	319.50000	0.0	0.0	0.0	1.0000000
35	19854.5723	9650.510	319.50000	0.0	0.0	0.0	1.0000000
10	20950.0000	1450.000	169.50000	0.0	0.0	0.0	1.0000000
23	22002.5391	1527.887	144.50000	0.0	0.0	-90.0	1.6199994
36	21837.0039	1294.196	159.50000	0.0	0.0	0.0	1.1599998
2	21284.2969	2098.939	169.50000	0.0	0.0	0.0	0.7800002
4	21262.9492	2416.515	169.50000	0.0	0.0	90.0	1.0000000
17	21298.9355	2287.134	169.50000	0.0	0.0	-360.0	1.0000000
4	21035.7969	2353.207	169.50000	0.0	0.0	-90.0	1.0000000
17	20887.3633	2169.769	169.50000	0.0	0.0	0.0	1.0000000
15	21236.0371	1682.600	169.50000	0.0	0.0	-50.0	1.8599992
16	21036.8438	1877.063	169.50000	0.0	0.0	-320.0	1.4999995
34	20906.6133	2081.487	169.50000	0.0	0.0	-70.0	0.7600002
34	20835.8047	2006.139	169.50000	0.0	0.0	-70.0	0.7600002
34	20803.3477	2239.082	169.50000	0.0	0.0	-70.0	0.7600002
34	20861.7266	2302.964	169.50000	0.0	0.0	-70.0	0.7600002
22	20889.9102	1730.448	169.50000	0.0	0.0	-50.0	1.9199991
17	21161.1094	2802.832	169.50000	0.0	0.0	90.0	1.2799997
5	21238.6094	2762.569	169.50000	0.0	0.0	-180.0	0.9000001
34	21296.4453	2936.132	169.50000	0.0	0.0	0.0	1.0000000
5	20975.6699	2760.702	169.50000	0.0	0.0	-90.0	0.9000001
41	20892.4961	3178.079	9.50000	0.0	0.0	-270.0	1.3599997
23	22191.2266	1641.531	169.50000	0.0	0.0	-90.0	1.2599998
4	21532.0820	1855.282	169.50000	0.0	0.0	140.0	1.0000000
22	21576.1602	1965.288	169.50000	0.0	0.0	140.0	2.0399990
2	21702.2480	1664.090	169.50000	0.0	0.0	0.0	0.7800002
32	22242.3555	1848.055	229.50000	0.0	0.0	270.0	0.7600002
17	21302.7930	2598.703	169.50000	0.0	0.0	0.0	1.0000000
17	21421.8359	2443.982	169.50000	0.0	0.0	-270.0	1.0000000
22	21468.7969	2446.104	169.50000	0.0	0.0	90.0	1.4399996
35	21843.9219	1792.784	294.50000	0.0	0.0	130.0	1.2999997
22	21976.9766	1761.704	94.50000	0.0	0.0	180.0	1.6799994
17	21453.0391	2820.348	169.50000	0.0	0.0	0.0	1.0000000
34	21381.2715	2759.788	169.50000	0.0	0.0	-70.0	0.7600002
34	21370.6602	2673.267	169.50000	0.0	0.0	-70.0	0.7600002
34	21461.2266	2722.531	169.50000	0.0	0.0	-70.0	0.7600002
35	21386.4414	2721.766	294.50000	0.0	0.0	90.0	1.2999997
15	21233.7793	3418.354	169.50000	0.0	0.0	90.0	1.8599992
16	21276.8516	3668.924	339.50000	0.0	0.0	0.0	1.4999995
41	20880.7246	3795.786	9.50000	0.0	0.0	-450.0	1.3599997
55	20875.9922	3646.844	59.50000	0.0	0.0	0.0	2.0199990
55	20855.1719	3361.519	9.50000	0.0	0.0	0.0	2.0199990
55	20829.0645	3559.555	19.50000	0.0	0.0	0.0	2.0199990
54	21108.5820	3629.092	129.50000	0.0	59.0	0.0	1.4199996
54	21101.3047	3329.502	139.50000	0.0	59.0	0.0	1.4199996
46	20836.5977	3802.078	169.50000	0.0	0.0	-90.0	1.8199992
46	21039.4980	3800.145	169.50000	0.0	0.0	-90.0	1.8199992
21	21480.9238	3407.178	169.50000	0.0	0.0	90.0	1.7799993
35	21463.0508	3511.733	354.50000	0.0	0.0	90.0	1.0599999
16	21415.2930	3716.771	169.50000	0.0	0.0	0.0	1.6999993
22	21595.0137	3701.184	169.50000	0.0	0.0	90.0	1.7599993
27	21725.6016	3513.456	169.50000	0.0	0.0	0.0	1.3599997
52	21805.8867	3513.148	169.50000	0.0	0.0	0.0	1.0000000
27	21999.1074	3512.208	169.50002	0.0	0.0	0.0	1.0000000
28	21709.5859	3641.558	169.50000	0.0	0.0	180.0	1.7199993
28	21706.9805	3830.114	169.50000	0.0	0.0	180.0	1.7199993
40	22004.6094	3384.770	169.50000	0.0	0.0	0.0	2.1799989
13	21944.9180	3350.583	169.50000	0.0	0.0	0.0	0.9000001
52	21933.8828	3511.905	169.50000	0.0	0.0	0.0	1.0000000
27	21694.8105	3954.621	169.50000	0.0	0.0	0.0	1.3599997
48	21690.7734	3955.307	409.50000	0.0	0.0	0.0	1.0000000
57	21691.0449	3954.108	469.50000	0.0	0.0	0.0	0.5800004
48	21739.6484	3502.889	434.50000	0.0	0.0	0.0	1.0000000
57	21738.5898	3500.183	494.50000	0.0	0.0	0.0	0.5800004
32	21376.8105	4007.858	314.50000	0.0	0.0	270.0	0.7000003
9	20855.8711	5353.229	129.50000	0.0	0.0	90.0	0.5600004
47	20955.8184	5171.090	169.50000	0.0	0.0	-40.0	0.7600002
8	21299.2539	5798.929	169.50000	0.0	0.0	0.0	1.0000000
9	20865.4180	6232.638	129.50000	0.0	0.0	0.0	0.5600004
12	21294.3438	5987.561	219.50000	0.0	0.0	180.0	1.0799999
12	21121.9629	5808.361	219.50000	0.0	0.0	-80.0	1.0799999
10	20932.9941	6359.592	169.50000	0.0	4.0	-60.0	0.7800002
12	21471.9336	5799.909	219.50000	0.0	0.0	90.0	1.0799999
12	21300.5078	5626.977	219.50000	0.0	0.0	0.0	1.0799999
54	21300.3906	5742.730	314.50000	0.0	0.0	0.0	1.1399999
54	21337.2520	5790.876	314.50000	0.0	0.0	0.0	1.4199996
55	21305.1875	5709.394	169.50000	0.0	0.0	0.0	1.3399997
55	21381.0781	5799.751	169.50000	0.0	0.0	0.0	1.3399997
9	21759.7500	5343.816	129.50000	0.0	0.0	180.0	0.5600004
10	21909.8750	5447.286	169.50000	0.0	0.0	20.0	0.8200002
47	21807.1055	5192.221	169.50000	0.0	0.0	110.0	0.8400002
30	21844.9883	5251.962	169.50000	0.0	0.0	-225.0	1.0000000
9	21762.0547	6232.023	129.50000	0.0	0.0	270.0	0.5600004
47	21896.5039	6305.206	169.50000	0.0	0.0	110.0	0.6400003
10	21933.8320	6131.422	169.50000	0.0	0.0	-40.0	0.7800002
30	21843.0625	6325.917	169.50000	0.0	0.0	-317.0	1.0000000
47	21696.0313	6387.064	169.50000	0.0	22.0	300.0	0.7000003
11	21302.0684	5800.873	349.50000	0.0	0.0	90.0	0.6600003
33	20928.7969	7729.380	164.50000	0.0	0.0	0.0	1.0000000
33	20920.7813	7754.748	264.50000	0.0	0.0	10.0	0.8600001
32	21010.6797	7999.232	389.50000	0.0	0.0	180.0	0.6600003
28	21144.5664	7967.173	169.50000	0.0	0.0	180.0	1.9599991
28	21009.8633	7810.335	169.50000	0.0	0.0	270.0	1.9599991
27	21139.8203	7827.059	159.50000	0.0	0.0	0.0	1.5599995
35	20815.9570	7798.977	319.50000	0.0	0.0	0.0	1.0000000
48	21141.9551	7824.517	454.50000	0.0	0.0	0.0	1.0000000
57	21141.9063	7824.804	514.50000	0.0	0.0	0.0	0.5800004
52	22140.2461	7358.402	169.50000	0.0	0.0	0.0	1.0000000
27	21840.5469	7358.007	169.50000	0.0	0.0	0.0	1.3799996
28	21934.1523	7353.729	169.50000	0.0	0.0	90.0	1.5399995
10	22122.2324	7237.380	169.50000	0.0	0.0	0.0	0.9000001
27	22052.2227	7355.668	169.50000	0.0	0.0	0.0	1.3799996
28	22287.2402	7357.017	169.50000	0.0	0.0	-270.0	1.4399996
2	22057.7930	7662.846	169.50000	0.0	0.0	-10.0	0.7600002
4	22300.1816	7637.457	169.50000	0.0	0.0	0.0	0.7800002
17	22157.2422	7859.655	169.50000	0.0	0.0	90.0	1.2199998
17	22007.4531	7935.289	169.50000	0.0	0.0	0.0	1.2199998
28	21584.4414	7965.592	169.50000	0.0	0.0	180.0	1.9599991
28	21739.0195	7818.196	169.50000	0.0	0.0	270.0	1.9599991
27	21596.7656	7827.822	169.50000	0.0	0.0	0.0	1.5599995
28	21839.1289	7598.216	169.50000	0.0	0.0	180.0	1.5399995
28	21839.0078	7769.145	169.50000	0.0	0.0	180.0	1.5399995
28	21838.8906	7428.696	169.50000	0.0	0.0	180.0	1.5399995
48	21599.7832	7818.315	454.50000	0.0	0.0	0.0	1.0000000
57	21601.9609	7814.153	514.50000	0.0	0.0	0.0	0.5800004
18	20862.8926	8407.508	169.50000	0.0	0.0	90.0	1.4199996
20	20916.0918	8408.464	169.50000	0.0	0.0	90.0	1.4999995
23	20805.6328	8758.370	279.50000	0.0	0.0	0.0	1.6599994
24	20838.9688	8390.861	314.50000	0.0	0.0	90.0	2.1599989
22	20946.6680	8810.927	169.50000	0.0	0.0	90.0	1.8799992
28	21144.3594	8191.945	169.50000	0.0	0.0	180.0	1.9599991
27	21131.5195	8334.702	169.50000	0.0	0.0	0.0	1.5599995
28	21142.1953	8699.251	169.50000	0.0	0.0	180.0	1.9599991
28	21143.2129	8474.309	169.50000	0.0	0.0	180.0	1.9599991
27	21146.0430	8833.869	169.50000	0.0	0.0	0.0	1.5599995
28	21146.9531	8977.992	169.50000	0.0	0.0	180.0	1.9599991
18	20933.1641	9210.912	169.50000	0.0	0.0	90.0	1.4199996
24	20840.4395	9178.954	314.50000	0.0	0.0	90.0	2.1599989
20	20984.8809	9204.454	169.50000	0.0	0.0	90.0	1.4999995
5	20815.9063	9480.271	169.50000	0.0	0.0	-270.0	0.9000001
28	21147.6719	9199.058	169.50000	0.0	0.0	180.0	1.9599991
27	21145.5156	9345.055	169.50000	0.0	0.0	0.0	1.5599995
28	21249.7402	9441.457	169.50000	0.0	0.0	130.0	1.9599991
23	21996.2422	8181.410	249.50000	0.0	0.0	0.0	1.6599994
17	22156.9141	8223.097	169.50000	0.0	0.0	90.0	1.2199998
28	21585.7773	8189.872	169.50000	0.0	0.0	180.0	1.9599991
27	21564.5000	8353.871	169.50000	0.0	0.0	0.0	1.5599995
28	21572.5703	8498.834	169.50000	0.0	0.0	180.0	1.9599991
27	21571.0840	8863.093	169.50000	0.0	0.0	0.0	1.5599995
28	21572.7656	8719.287	169.50000	0.0	0.0	180.0	1.9599991
40	21668.2031	8904.626	169.50000	0.0	0.0	90.0	2.0999990
48	21582.9941	8857.567	454.50000	0.0	0.0	0.0	1.0000000
57	21584.2344	8856.939	514.50000	0.0	0.0	0.0	0.5800004
42	21761.4922	8623.295	159.50000	0.0	0.0	0.0	1.0000000
42	21669.0703	8727.971	169.50000	0.0	0.0	-90.0	0.7400002
42	21678.6055	8519.811	169.50000	0.0	0.0	-270.0	0.7400002
11	21798.5957	8627.523	339.50000	0.0	0.0	90.0	0.9000001
51	21740.2422	8835.776	169.50000	0.0	0.0	90.0	1.0000000
57	21774.8711	8836.373	459.50000	0.0	0.0	0.0	0.8000002
27	22322.8379	8229.885	169.50000	0.0	0.0	0.0	1.5599995
28	22320.4883	8356.841	169.50000	0.0	0.0	-360.0	1.9599991
27	22305.3398	8475.586	169.49997	0.0	0.0	0.0	1.5599995
28	22179.2500	8499.778	169.50000	0.0	0.0	-90.0	1.9599991
27	22031.6328	8492.721	169.50000	0.0	0.0	0.0	1.5599995
48	22334.2070	8229.475	454.50000	0.0	0.0	0.0	1.0000000
57	22334.5781	8228.145	514.50000	0.0	0.0	0.0	0.5800004
40	21663.4648	9262.790	169.50000	0.0	0.0	90.0	2.0999990
28	21436.4688	9535.318	169.50000	0.0	0.0	90.0	1.9599991
27	21367.7402	9529.135	169.50000	0.0	0.0	0.0	1.5599995
27	21576.6309	9544.680	169.50000	0.0	0.0	0.0	1.5599995
28	21574.4375	9419.402	169.50000	0.0	0.0	0.0	1.9599991
27	21567.5352	9293.891	169.50000	0.0	0.0	0.0	1.5599995
48	21573.0156	9287.896	454.50000	0.0	0.0	0.0	1.0000000
57	21573.3809	9287.325	509.50000	0.0	0.0	0.0	0.5800004
42	21724.5020	9466.264	159.50000	0.0	0.0	0.0	1.0000000
11	21747.5195	9465.850	339.50000	0.0	0.0	90.0	0.9000001
42	21633.9805	9559.859	169.50000	0.0	0.0	-90.0	0.7400002
42	21644.7715	9371.150	169.50000	0.0	0.0	-270.0	0.7400002
51	21735.5820	9344.339	169.50000	0.0	0.0	90.0	1.0000000
57	21775.2695	9342.273	459.50000	0.0	0.0	0.0	0.8000002
28	21905.2773	9572.270	169.50000	0.0	0.0	90.0	1.9599991
27	21760.5781	9576.576	169.50000	0.0	0.0	0.0	1.5599995
27	22045.3027	9577.293	169.50000	0.0	0.0	0.0	1.5599995
13	22027.7832	9446.266	169.50000	0.0	0.0	0.0	0.7200003
48	22055.0234	9570.328	454.50000	0.0	0.0	0.0	1.0000000
57	22054.1113	9569.527	514.50000	0.0	0.0	0.0	0.5800004
2	20845.0488	9727.783	169.50000	0.0	0.0	0.0	0.8200002
4	21144.0547	9708.914	169.50000	0.0	0.0	0.0	0.9000001
4	21533.2695	9709.475	169.50000	0.0	0.0	0.0	0.9000001
2	21910.2852	10014.043	169.50000	0.0	0.0	0.0	0.7800002
5	21853.6348	9746.105	169.50000	0.0	0.0	-270.0	0.9000001
18	22263.5898	10029.258	169.50000	0.0	0.0	0.0	1.3999996
20	22277.0625	9967.795	169.50000	0.0	0.0	0.0	1.4999995
24	22272.3320	10156.035	314.50000	0.0	0.0	90.0	2.1599989
40	22100.2852	9687.496	169.50000	0.0	0.0	150.0	2.0999990
16	22699.9160	1578.048	169.50000	0.0	0.0	0.0	1.6999993
36	22413.8359	1471.042	169.50000	0.0	0.0	-80.0	1.1599998
36	22783.6367	1224.835	169.50000	0.0	0.0	0.0	1.0000000
17	22997.0098	1506.166	169.50000	0.0	0.0	90.0	1.0000000
17	23210.5488	1505.302	169.50000	0.0	0.0	90.0	1.0000000
41	23947.6777	1273.859	-5.50000	0.0	0.0	0.0	1.3599997
17	23863.5078	1481.010	169.50000	0.0	0.0	90.0	1.0000000
17	23863.8867	1184.741	169.50000	0.0	0.0	90.0	1.0000000
37	23657.3672	1478.454	169.50000	0.0	0.0	-70.0	1.0000000
37	23269.0352	1261.012	169.50000	0.0	0.0	-210.0	1.0000000
17	22776.0625	1788.290	169.50000	0.0	0.0	90.0	1.0000000
17	22898.1855	1946.575	169.50000	0.0	0.0	0.0	1.0000000
32	22631.2031	1865.529	309.50000	0.0	0.0	270.0	0.7600002
16	23158.6758	1784.217	169.50000	0.0	0.0	90.0	1.5799994
26	23047.9473	1779.779	169.50000	0.0	0.0	-90.0	1.1199999
17	23015.9297	2071.816	169.50000	0.0	0.0	90.0	1.0000000
34	23096.8242	2129.421	169.50000	0.0	0.0	-70.0	0.9400001
17	23295.9316	2071.142	169.50000	0.0	0.0	90.0	1.0000000
17	23138.8730	1942.717	169.50000	0.0	0.0	0.0	1.0000000
28	23288.6504	2189.979	169.50000	0.0	0.0	270.0	1.5199995
34	23191.3652	2129.686	169.50000	0.0	0.0	-20.0	0.8600001
34	23151.9902	2044.012	169.50000	0.0	0.0	30.0	0.8600001
28	23115.9707	2192.564	169.50000	0.0	0.0	270.0	1.5199995
34	23349.6719	2119.305	169.50000	0.0	0.0	0.0	0.9400001
34	23436.1172	2110.698	169.50000	0.0	0.0	30.0	0.9400001
34	23392.8359	1995.377	169.50000	0.0	0.0	-70.0	0.9400001
34	23366.0645	2156.303	319.50000	90.0	0.0	80.0	0.8600001
33	23727.3906	1973.244	169.50000	0.0	0.0	-4.0	0.9400001
33	23766.6250	2263.950	169.50000	0.0	0.0	87.0	0.9100001
41	23942.8535	2185.884	-5.50000	0.0	0.0	0.0	1.3599997
41	23942.9766	1730.962	-5.50000	0.0	0.0	0.0	1.3599997
17	23863.0918	2068.295	169.50000	0.0	0.0	90.0	1.0000000
17	23864.1367	1771.925	169.50000	0.0	0.0	90.0	1.0000000
36	23546.1738	1820.131	169.50000	0.0	0.0	0.0	1.0000000
28	23462.7246	2190.107	169.50000	0.0	0.0	90.0	1.5199995
28	23635.3340	2190.369	169.50000	0.0	0.0	90.0	1.5199995
28	23780.5938	2188.290	169.50000	0.0	0.0	90.0	1.5199995
27	23873.7305	2235.131	169.50000	0.0	0.0	0.0	1.3599997
33	23724.0820	2090.601	169.50000	0.0	0.0	187.0	0.9400001
33	23652.2773	2039.782	169.50000	0.0	0.0	170.0	0.8600001
33	23658.7813	2278.215	139.50000	0.0	0.0	90.0	0.8600001
33	23774.5488	2364.833	169.50000	0.0	0.0	140.0	0.7000003
34	23678.0840	2360.338	169.50000	0.0	0.0	-70.0	0.8600001
29	23872.4434	2416.323	169.50000	0.0	0.0	90.0	1.0999999
41	23940.9590	3100.847	-5.50000	0.0	0.0	0.0	1.3599997
41	23941.1719	2643.776	-5.50000	0.0	0.0	0.0	1.3599997
27	23881.6836	3137.681	169.50000	0.0	0.0	0.0	1.3599997
57	23673.1055	3164.508	334.49997	0.0	0.0	0.0	0.6200004
31	23672.3281	3167.292	169.50000	0.0	0.0	0.0	1.0000000
31	23121.8555	3162.870	169.50000	0.0	0.0	0.0	1.0000000
57	23125.0918	3157.187	334.49997	0.0	0.0	0.0	0.6200004
29	23874.5820	2737.191	169.50000	0.0	0.0	-270.0	1.0999999
29	23874.5195	3004.989	169.50000	0.0	0.0	-270.0	1.0999999
41	23944.6367	3081.834	-59.26857	0.0	0.0	-90.0	1.3599997
41	23949.9746	2828.313	-59.26863	0.0	0.0	-90.0	1.3599997
41	23951.1602	2607.312	-59.26875	0.0	0.0	-90.0	1.3599997
41	23948.7559	2376.800	-59.26868	0.0	0.0	-90.0	1.3599997
41	23936.1211	2142.646	-59.26862	0.0	0.0	-90.0	1.3599997
28	22655.7266	3826.647	169.50000	0.0	0.0	180.0	1.7199993
28	22654.8184	4021.899	169.50000	0.0	0.0	180.0	1.7199993
27	22661.6719	3511.126	169.50000	0.0	0.0	0.0	1.3599997
27	22659.1465	4144.491	169.50000	0.0	0.0	0.0	1.3599997
28	22656.4570	3630.148	169.50000	0.0	0.0	180.0	1.7199993
10	22858.1348	3827.758	169.50000	0.0	0.0	0.0	1.1999998
48	22656.3125	4148.010	379.50000	0.0	0.0	0.0	1.0000000
10	22850.8828	3622.374	169.50000	0.0	0.0	70.0	1.1199999
27	22493.9063	3504.424	169.50000	0.0	0.0	0.0	1.0000000
52	22574.1953	3506.981	169.50000	0.0	0.0	0.0	1.0000000
28	22778.5039	3514.227	169.50000	0.0	0.0	-90.0	1.7199993
44	22841.8145	3384.391	129.50000	0.0	0.0	-270.0	1.0000000
40	22490.9805	3390.975	169.50000	0.0	0.0	0.0	2.1799989
13	22581.7383	3368.793	169.50000	0.0	0.0	0.0	0.9000001
48	22668.2695	3505.799	434.50000	0.0	0.0	0.0	1.0000000
57	22666.8066	3505.115	494.50000	0.0	0.0	0.0	0.5800004
57	22652.5664	4147.623	444.50000	0.0	0.0	0.0	0.5800004
10	22750.5313	3379.687	169.50000	0.0	0.0	-60.0	1.1999998
27	22631.5566	4600.232	169.50000	0.0	0.0	0.0	1.3599997
28	22628.7676	4724.784	169.50000	0.0	0.0	360.0	1.7199993
40	22635.5898	4475.718	169.50000	0.0	0.0	0.0	2.0999990
33	22748.6973	4673.674	169.50000	0.0	0.0	0.0	1.0000000
33	22754.4043	4678.089	259.50000	0.0	0.0	7.0	0.9000001
34	22875.4727	4695.841	169.50000	0.0	0.0	60.0	1.0000000
48	22626.7148	4608.152	379.50000	0.0	0.0	0.0	1.0000000
40	22635.4805	4267.631	169.50000	0.0	0.0	180.0	2.0999990
57	22626.2813	4605.714	444.50000	0.0	0.0	0.0	0.5800004
15	23735.6328	3813.115	169.50000	0.0	0.0	90.0	1.5199995
16	23757.3945	3619.327	329.50000	0.0	0.0	90.0	1.3199997
10	23100.3242	3949.440	169.50000	0.0	0.0	70.0	1.1199999
47	23414.5195	4053.334	169.50000	0.0	0.0	80.0	0.9800000
41	23944.0371	3989.675	-5.50000	0.0	0.0	0.0	1.3599997
41	23942.2695	3553.206	-5.50000	0.0	0.0	0.0	1.3599997
10	23412.1543	3719.256	169.50000	0.0	0.0	70.0	1.1199999
28	22976.0273	3513.588	169.50000	0.0	0.0	-270.0	1.7199993
28	23175.5742	3513.955	169.50000	0.0	0.0	-270.0	1.7199993
28	23373.5977	3514.170	169.50000	0.0	0.0	-270.0	1.7199993
27	23495.9707	3525.347	169.50000	0.0	0.0	0.0	1.3599997
52	23584.9160	3525.633	169.50000	0.0	0.0	0.0	1.0000000
1	23395.9531	3447.145	169.50000	0.0	0.0	0.0	0.9900000
5	23687.6738	3378.652	169.50000	0.0	0.0	-270.0	0.9000001
5	23107.2422	3379.102	169.50000	0.0	0.0	-360.0	0.9000001
22	23661.8633	3276.190	169.50000	0.0	0.0	0.0	1.5599995
22	23121.6641	3272.602	169.50000	0.0	0.0	0.0	1.5599995
17	23872.3164	3312.146	169.50000	0.0	0.0	90.0	1.0000000
35	23370.3887	3227.396	344.50000	0.0	0.0	0.0	1.2999997
41	23800.6152	3317.150	169.50000	0.0	0.0	-90.0	1.3599997
10	22930.4863	3390.390	169.50000	0.0	0.0	-140.0	1.1599998
41	23943.4531	4435.105	-5.50000	0.0	0.0	0.0	1.3599997
27	23809.2422	4310.441	169.50000	0.0	0.0	0.0	1.3599997
28	23800.6270	4432.651	169.50000	0.0	0.0	360.0	1.7199993
28	23799.7070	4623.126	169.50000	0.0	0.0	360.0	1.7199993
35	23185.4590	4737.313	339.50000	0.0	0.0	0.0	1.3199997
34	22975.0078	4697.745	169.50000	0.0	0.0	100.0	0.8800001
34	23717.6055	4687.275	169.50000	0.0	0.0	60.0	1.0000000
34	23713.3750	4578.267	169.50000	0.0	0.0	110.0	1.0000000
34	23633.5176	4649.735	169.50000	0.0	0.0	160.0	0.8600001
20	23274.3633	4725.545	169.50000	0.0	0.0	0.0	1.5799994
47	22934.4238	4572.527	169.50000	0.0	0.0	40.0	1.2799997
10	23533.2617	4548.732	169.50000	0.0	0.0	70.0	1.1199999
42	23937.9219	4710.191	44.50000	0.0	0.0	180.0	1.0000000
42	23943.5039	4363.240	44.50000	0.0	0.0	180.0	1.0000000
28	22627.6016	4905.893	169.50000	0.0	0.0	360.0	1.7199993
27	22619.9531	5027.767	169.50000	0.0	0.0	0.0	1.3599997
34	22747.7422	4819.922	169.50000	0.0	0.0	0.0	1.0000000
28	22750.2754	5024.611	169.50000	0.0	0.0	450.0	1.7199993
27	22879.7246	5561.375	169.50000	0.0	0.0	0.0	1.3599997
34	22805.2539	5436.933	169.50000	0.0	0.0	0.0	1.0000000
34	22837.7031	5302.622	169.50000	0.0	0.0	130.0	0.8800001
34	22820.2734	5215.063	169.50000	0.0	0.0	130.0	0.8800001
27	22883.0723	6033.807	169.50000	0.0	0.0	0.0	1.3599997
28	22873.4570	6144.516	169.50000	0.0	0.0	180.0	1.5399995
27	22872.3906	6261.317	169.50000	0.0	0.0	0.0	1.3599997
28	22872.5547	6376.745	169.50000	0.0	0.0	180.0	1.5399995
15	23256.9922	4954.063	169.50000	0.0	0.0	0.0	1.8599992
28	23798.8281	4805.538	169.50000	0.0	0.0	360.0	1.7199993
28	23799.0195	4993.369	169.50000	0.0	0.0	360.0	1.7199993
27	23797.5527	5115.220	169.50000	0.0	0.0	0.0	1.3599997
28	23669.6758	5102.626	169.50000	0.0	0.0	270.0	1.7199993
16	23530.7832	4906.867	364.50000	0.0	0.0	-360.0	1.4999995
40	23959.2305	5695.261	169.50000	0.0	0.0	180.0	2.1399989
28	23652.4863	5550.604	169.50000	0.0	0.0	270.0	1.7199993
28	23842.6387	5549.418	169.50000	0.0	0.0	270.0	1.7199993
41	23937.5566	5345.537	-5.50000	0.0	0.0	0.0	1.3599997
41	23945.7813	4886.179	-5.50000	0.0	0.0	0.0	1.3599997
42	23933.8125	5145.450	44.50000	0.0	0.0	180.0	1.0000000
28	23519.1758	5438.734	169.50000	0.0	0.0	360.0	1.7199993
27	23518.9395	5555.967	169.50000	0.0	0.0	0.0	1.3599997
28	23519.4961	5256.446	169.50000	0.0	0.0	360.0	1.7199993
14	23742.5117	5426.625	169.50000	0.0	0.0	90.0	1.0000000
27	23959.8320	5566.223	169.50000	0.0	0.0	0.0	1.6199994
28	23397.8535	5555.434	169.50000	0.0	0.0	270.0	1.7199993
28	23209.7461	5556.220	169.50000	0.0	0.0	270.0	1.7199993
28	23012.2246	5556.921	169.50000	0.0	0.0	270.0	1.7199993
23	23236.4688	5251.054	274.50000	0.0	0.0	-90.0	1.2999997
19	23404.9766	5247.552	169.50000	0.0	0.0	90.0	1.2599998
34	22902.1250	5434.528	169.50000	0.0	0.0	80.0	1.0000000
34	22913.9492	5325.730	169.50000	0.0	0.0	60.0	0.9400001
34	23024.5508	5354.729	169.50000	0.0	0.0	110.0	1.0000000
34	23010.8711	5471.478	169.50000	0.0	0.0	40.0	1.0000000
41	23943.8574	6235.482	-5.50000	0.0	0.0	0.0	1.3599997
27	23966.4375	6005.564	169.50000	0.0	0.0	0.0	1.6199994
13	23706.4531	6149.605	169.50000	0.0	0.0	90.0	1.0000000
28	23799.2109	6031.639	169.50000	0.0	0.0	270.0	1.7199993
28	23609.8633	6031.434	169.50000	0.0	0.0	270.0	1.7199993
27	23489.6660	6030.072	169.50000	0.0	0.0	0.0	1.3599997
27	23497.8789	6262.944	169.50000	0.0	0.0	0.0	1.3599997
28	23619.5313	6260.646	169.50000	0.0	0.0	450.0	1.7199993
40	23960.3535	5896.326	169.50000	0.0	0.0	0.0	2.1399989
28	23495.4004	6143.981	169.50000	0.0	0.0	360.0	1.7199993
28	23368.8281	6036.244	169.50000	0.0	0.0	270.0	1.7199993
28	23184.0977	6035.432	169.50000	0.0	0.0	270.0	1.7199993
28	23005.7910	6036.259	169.50000	0.0	0.0	270.0	1.7199993
34	23622.8945	6372.522	169.50000	0.0	0.0	40.0	1.0000000
28	23619.5313	6260.646	169.50000	0.0	0.0	450.0	1.7199993
68	22870.4375	5795.872	374.50006	0.0	30.0	90.0	1.2799997
48	22880.5000	5561.272	379.50000	0.0	0.0	0.0	1.0000000
48	22888.8535	6034.854	379.50000	0.0	0.0	0.0	1.0000000
57	22883.2363	5559.550	444.50003	0.0	0.0	0.0	0.5800004
57	22890.2344	6033.688	444.50000	0.0	0.0	0.0	0.5800004
68	22873.8730	5795.173	374.50009	0.0	30.0	90.0	0.5400004
10	22699.6387	6824.840	169.50000	0.0	0.0	0.0	0.9000001
47	22799.2969	7302.277	169.50000	0.0	0.0	60.0	0.7400002
28	22874.1309	7265.617	169.50000	0.0	0.0	180.0	1.5399995
28	22807.2461	7338.796	169.50000	0.0	0.0	-90.0	1.5399995
27	22878.3145	7357.428	169.50000	0.0	0.0	0.0	1.4199996
27	22871.2930	7149.375	169.50000	0.0	0.0	0.0	1.4199996
60	22411.5645	7347.581	169.50000	0.0	0.0	0.0	1.0000000
27	22681.2969	7360.730	169.50000	0.0	0.0	0.0	1.3799996
52	22595.1641	7357.525	169.50000	0.0	0.0	0.0	1.0000000
28	22450.2813	7356.928	169.50000	0.0	0.0	-90.0	1.4399996
28	22873.6055	6555.931	169.50000	0.0	0.0	180.0	1.5399995
28	22875.3125	6736.066	169.50000	0.0	0.0	180.0	1.5399995
28	22875.6289	6907.552	169.50000	0.0	0.0	180.0	1.5399995
28	22877.2988	7068.985	169.50000	0.0	0.0	0.0	1.5399995
4	22633.8281	7637.650	169.50000	0.0	0.0	0.0	0.7800002
2	22879.5195	7619.752	169.50000	0.0	0.0	-10.0	0.7600002
16	22479.0313	7907.594	169.50000	0.0	0.0	360.0	2.3599987
37	22796.6289	7850.316	419.50000	0.0	0.0	-420.0	0.8600001
23	22879.3281	7897.915	374.50000	0.0	0.0	-90.0	1.6599994
41	23943.7656	6540.116	-5.50000	0.0	0.0	0.0	1.3599997
41	23943.2578	6993.635	-5.50000	0.0	0.0	0.0	1.3599997
4	23867.3594	7341.557	169.50000	0.0	0.0	90.0	0.7800002
4	23868.5430	7001.830	169.50000	0.0	0.0	90.0	0.7800002
4	23869.5605	6660.482	169.50000	0.0	0.0	90.0	0.7800002
2	23826.5801	6434.822	169.50000	0.0	0.0	-10.0	0.7600002
6	23942.7539	6634.484	169.50000	0.0	0.0	90.0	1.0599999
6	23946.0859	6818.362	169.50000	0.0	0.0	90.0	1.0599999
6	23949.1289	7004.361	169.50000	0.0	0.0	90.0	1.0599999
6	23951.8848	7189.564	169.50000	0.0	0.0	90.0	1.0599999
6	23953.0723	7378.549	169.50000	0.0	0.0	90.0	1.0599999
6	23723.4668	7325.544	169.50000	0.0	0.0	270.0	1.0599999
6	23726.3750	7095.941	169.50000	0.0	0.0	270.0	1.0599999
6	23722.0313	6887.560	169.50000	0.0	0.0	270.0	1.0599999
6	23732.4043	6683.380	169.50000	0.0	0.0	270.0	1.0599999
10	23314.5469	7386.153	169.50000	0.0	0.0	40.0	1.0599999
10	23416.9375	7273.188	169.50000	0.0	0.0	70.0	0.9200001
47	23308.3750	6705.964	169.50000	0.0	0.0	0.0	1.0000000
47	23062.2793	7137.603	169.50000	0.0	0.0	50.0	0.9000001
0	22950.0000	6850.000	169.50000	0.0	0.0	0.0	1.0000000
37	23046.8672	7394.947	169.50000	0.0	0.0	-50.0	1.0999999
34	23625.6719	6469.237	169.50000	0.0	0.0	90.0	1.0000000
34	23520.2891	6453.534	169.50000	0.0	0.0	110.0	1.0000000
41	23943.6406	7447.913	-5.50000	0.0	0.0	0.0	1.3599997
4	23169.5391	7641.040	169.50000	0.0	0.0	0.0	0.7800002
4	23508.8066	7639.250	169.50000	0.0	0.0	0.0	0.7800002
2	23796.8633	7624.619	169.50000	0.0	0.0	-10.0	0.7600002
6	23156.3438	7534.377	169.50000	0.0	0.0	360.0	0.8800001
6	23361.2520	7537.333	169.50000	0.0	0.0	360.0	0.8800001
6	23545.4160	7537.134	169.50000	0.0	0.0	360.0	0.8800001
16	22952.1523	7907.058	169.50000	0.0	0.0	360.0	2.3599987
37	23103.8633	7449.527	169.50000	0.0	0.0	150.0	0.9200001
37	23665.0586	7400.413	169.50000	0.0	0.0	-90.0	1.1999998
37	23358.8594	7853.587	174.50000	0.0	0.0	-90.0	1.1999998
37	23697.7500	7855.957	169.50000	0.0	0.0	-200.0	1.1999998
41	23900.1113	7934.594	-5.50000	0.0	0.0	0.0	1.3599997
28	22733.2344	8239.539	169.50000	0.0	0.0	-90.0	1.9599991
27	22593.0469	8236.355	169.50000	0.0	0.0	0.0	1.5599995
28	22462.5117	8233.026	169.50000	0.0	0.0	-90.0	1.9599991
27	22570.0488	9575.614	169.49997	0.0	0.0	0.0	1.5599995
14	22570.6426	9446.365	169.50002	0.0	0.0	0.0	0.7200003
48	22602.1094	9568.889	454.50000	0.0	0.0	0.0	1.0000000
57	22605.0977	9568.004	514.50000	0.0	0.0	0.0	0.5800004
17	23602.9102	8800.813	169.50000	0.0	0.0	-270.0	1.3199997
17	23607.2773	8404.130	169.50000	0.0	0.0	-270.0	1.3199997
2	23546.8047	8132.092	169.50000	0.0	0.0	-10.0	0.7600002
17	23285.6406	8065.108	169.50000	0.0	0.0	-360.0	1.3199997
22	23653.4609	8795.085	169.50000	0.0	0.0	90.0	1.6199994
22	23658.5977	8393.468	169.50000	0.0	0.0	90.0	1.6199994
28	23531.2852	8997.937	169.50000	0.0	0.0	0.0	1.9599991
28	23532.0488	8765.090	169.50000	0.0	0.0	0.0	1.9599991
28	23531.8008	8542.444	169.50000	0.0	0.0	0.0	1.9599991
27	23537.2559	8401.390	169.50000	0.0	0.0	0.0	1.5599995
28	23433.1641	8318.254	169.50000	0.0	0.0	-50.0	1.9599991
27	23318.6250	8242.738	169.50000	0.0	0.0	0.0	1.5599995
28	23180.6133	8238.673	169.50000	0.0	0.0	-90.0	1.9599991
28	22956.4453	8239.508	169.50000	0.0	0.0	-90.0	1.9599991
48	23320.6953	8249.937	454.50000	0.0	0.0	0.0	1.0000000
48	23534.5781	8406.260	454.50000	0.0	0.0	0.0	1.0000000
57	23321.0684	8249.029	514.50000	0.0	0.0	0.0	0.5800004
57	23535.1406	8404.556	514.50000	0.0	0.0	0.0	0.5800004
41	23899.3535	8386.104	-5.50000	0.0	0.0	0.0	1.3599997
41	23900.4063	8840.895	-5.50000	0.0	0.0	0.0	1.3599997
41	23807.5938	8410.770	24.50000	0.0	0.0	-90.0	1.3599997
41	23832.7109	8823.434	24.50000	0.0	0.0	-90.0	1.3599997
11	23875.9258	8400.890	214.50000	0.0	0.0	90.0	0.9000001
17	23608.0117	9578.766	169.50000	0.0	0.0	-270.0	1.3199997
17	23605.6523	9189.546	169.50000	0.0	0.0	-270.0	1.3199997
22	23656.6367	9570.271	169.50000	0.0	0.0	90.0	1.6199994
28	23526.0117	9509.324	169.50000	0.0	0.0	0.0	1.9599991
28	23526.9453	9286.683	169.50000	0.0	0.0	0.0	1.9599991
27	23528.6191	9133.468	169.50000	0.0	0.0	0.0	1.5599995
48	23533.7656	9131.057	454.50000	0.0	0.0	0.0	1.0000000
57	23533.5938	9128.373	514.50000	0.0	0.0	0.0	0.5800004
41	23899.8555	9296.400	-5.50000	0.0	0.0	0.0	1.3599997
41	23796.0645	9598.102	24.50000	0.0	0.0	-90.0	1.3599997
20	23716.2930	9182.346	169.50000	0.0	0.0	90.0	1.6199994
18	23657.0664	9192.350	169.50000	0.0	0.0	90.0	1.3999996
2	22648.1680	10056.525	169.50000	0.0	0.0	0.0	0.7800002
4	22883.7578	10170.346	169.50000	0.0	0.0	0.0	0.9000001
28	22579.5840	9722.773	169.50002	0.0	0.0	180.0	1.9599991
27	22603.5508	9859.928	169.50000	0.0	0.0	0.0	1.5599995
28	22728.1445	9866.814	169.50000	0.0	0.0	90.0	1.9599991
40	22554.5234	9696.616	169.50000	0.0	0.0	190.0	2.0999990
17	23451.9316	10201.496	169.50000	0.0	0.0	-360.0	1.3199997
2	23140.8594	10185.773	169.50000	0.0	0.0	0.0	0.7800002
17	23607.8652	9974.129	169.50000	0.0	0.0	-270.0	1.3199997
22	23657.2344	9964.730	169.50000	0.0	0.0	90.0	1.6199994
28	22956.2285	9866.189	169.50000	0.0	0.0	90.0	1.9599991
28	23184.1719	9864.156	169.50000	0.0	0.0	90.0	1.9599991
28	23400.5293	9861.855	169.50000	0.0	0.0	90.0	1.9599991
27	23533.1934	9871.004	169.50000	0.0	0.0	0.0	1.5599995
28	23526.0625	9738.477	169.50000	0.0	0.0	0.0	1.9599991
48	23538.2344	9871.408	454.50000	0.0	0.0	0.0	1.0000000
57	23540.0234	9870.250	514.50000	0.0	0.0	0.0	0.5800004
41	23900.7930	9750.961	-5.50000	0.0	0.0	0.0	1.3599997
41	23900.6484	10203.020	-5.50000	0.0	0.0	0.0	1.3599997
41	23791.6289	9987.057	24.50000	0.0	0.0	-90.0	1.3599997
11	23872.1504	9976.361	214.50000	0.0	0.0	90.0	0.9000001
41	23901.9746	10653.127	-5.50000	0.0	0.0	0.0	1.3599997
41	24506.4023	1568.813	-5.50000	0.0	0.0	0.0	1.3599997
54	24426.3770	2402.262	94.50000	0.0	59.0	0.0	1.4199996
56	24264.2969	2399.095	-5.50000	0.0	0.0	-10.0	2.1799989
55	24126.3652	2524.636	-50.06647	0.0	0.0	0.0	2.3999987
55	24116.3125	2286.926	-9.64091	0.0	0.0	0.0	1.9599991
55	24114.0898	2511.518	-110.74499	0.0	0.0	0.0	2.2799988
56	24417.1680	2393.904	23.03546	0.0	0.0	-10.0	2.1799989
54	24423.1621	2819.234	109.50000	0.0	59.0	0.0	1.4199996
56	24277.7910	3148.844	52.37539	0.0	0.0	-10.0	2.1799989
56	24301.3789	2798.014	19.50002	0.0	0.0	-10.0	2.1799989
55	24169.7930	2689.704	35.58784	0.0	0.0	0.0	1.8999991
55	24131.8965	2982.048	-28.56259	0.0	0.0	0.0	2.2199988
56	24448.5078	2820.319	4.50000	0.0	0.0	-10.0	2.1799989
41	24506.4531	2476.291	-5.50000	0.0	0.0	0.0	1.3599997
41	24506.3770	2023.411	-5.50000	0.0	0.0	0.0	1.3599997
41	24506.4277	2932.823	-5.50000	0.0	0.0	0.0	1.3599997
54	24419.2480	3207.225	74.50000	0.0	59.0	0.0	1.4199996
55	24098.7070	3242.649	-18.11386	0.0	0.0	0.0	1.9999990
56	24429.1582	3273.550	29.50000	0.0	0.0	-10.0	2.1799989
41	24507.7344	3389.970	-5.50000	0.0	0.0	0.0	1.3599997
41	24507.9883	3845.372	-5.50000	0.0	0.0	0.0	1.3599997
42	24034.5352	5562.837	14.50000	0.0	0.0	0.0	1.0000000
43	24223.9688	5563.226	89.50000	0.0	0.0	0.0	1.0000000
42	24432.4648	5563.456	14.50000	0.0	0.0	180.0	1.0000000
39	24090.0156	5537.458	-115.50000	0.0	0.0	0.0	3.2599978
39	24188.0117	5536.834	-115.50000	0.0	0.0	0.0	3.2599978
39	24297.3594	5536.765	-90.50000	0.0	0.0	0.0	3.2599978
56	24118.7480	5434.053	47.13689	0.0	0.0	-10.0	2.1799989
55	24231.5977	5404.289	64.49999	0.0	0.0	0.0	2.0599990
56	24321.7246	5471.591	-8.40410	0.0	0.0	-10.0	2.1799989
29	24145.7148	5562.608	99.50000	0.0	0.0	0.0	1.2399998
29	24448.1523	5563.315	99.50000	0.0	0.0	0.0	1.2399998
42	24085.7227	5990.922	9.50000	0.0	0.0	0.0	1.0000000
43	24245.4961	5991.293	84.50000	0.0	0.0	0.0	1.0000000
42	24444.2813	5992.005	9.50000	0.0	0.0	180.0	1.0000000
29	24155.6035	5998.150	99.50000	0.0	0.0	0.0	1.2399998
29	24458.4805	5998.348	99.50000	0.0	0.0	0.0	1.2399998
54	24189.6035	6081.520	85.08260	0.0	79.0	-90.0	1.4199996
54	24337.0820	6081.799	129.50000	0.0	79.0	-90.0	1.4199996
56	24184.1914	6298.860	59.49994	0.0	0.0	0.0	2.1799989
56	24315.2051	6334.097	64.49999	0.0	0.0	0.0	2.1799989
41	24517.3203	5317.251	-5.50000	0.0	0.0	0.0	1.3599997
55	24314.0645	6433.767	14.49997	0.0	0.0	0.0	2.0599990
55	24183.0273	6404.542	-6.81846	0.0	0.0	0.0	2.0599990
